197680584
197680585
197680586
197681802
197681803
197681804
197681805
197681807
197681808
197681809
197681810
197681811
197681812
197681813
197681815
197681816
197681818
197681820
197681822
197681823
257943401
257943403
257943404
257943405
257943406
257943465
257943466
257943467
257943468
257943469
257943470
257943471
257943472
257943473
257943474
257943475
257943476
257943477
257943478
257943479
257943481
257943482
257943483
257943488
257946384
257946389
257946393
257946397
257946400
257946401
263386000
301455182
301455183
301455184
301455186
301455189
301455190
301455193
301455974
301457366
301457497
301457499
301457500
301457511
301457520
301457522
301457523
301457524
301457525
301457526
301457527
301457529
301457530
301457547
301457548
301457549
301457550
308131937
308131938
308131939
308131940
308131941
308131942
308131943
308131944
308131945
308131946
309580914
309580951
309580953
309580954
309580957
309581071
309581072
309581074
309581075
309581076
309581079
309581080
309581081
309581082
309581083
309581084
309581086
309581136
309581138
309581139
309581140
309581142
309581143
309581144
309581145
309581146
309581147
309581148
309581149
309581151
309581152
309581153
309581198
309581200
309581201
309581202
309581204
309581205
309581207
309581208
309581210
309581211
309581246
309581247
309581249
309581251
309581252
309581253
309581254
309581255
309581275
309581276
309581288
309581290
309581295
309581306
309581307
309581308
309581309
309581310
309581311
309581312
309581422
309581424
309581426
309581428
309581430
309581432
309581434
309581436
309581489
309581490
316802021
316802211
316802212
316802213
316802214
316802216
316802219
316802220
316802221
316802222
316802224
316802225
316802226
316802227
316802228
316802229
316802230
316802231
316802232
316802233
316802234
316802235
316802236
316802237
316802238
316802240
316802241
316802428
316802429
316802430
316802431
316802433
316802435
316802437
316802438
316802439
316802440
316802441
316802442
316802444
316802446
316802447
316802448
316802452
316802453
316802454
316802457
316802651
316802673
316802674
316802709
316802712
316802713
316802714
316802715
316802716
316802800
316802801
316802802
316802803
316802816
316802847
316802848
316802849
316803089
316803090
316803091
316803092
316803093
316803094
316803305
316803306
316803307
316803308
316803311
316803357
316803400
316803401
316803403
316803404
316803489
316803491
316803492
316803493
316803495
316803496
316803497
316808089
316808090
316808091
316808092
316808093
316808094
316808095
316808096
316808097
316808124
316808295
316808297
316808298
316808299
316808301
316808302
316808303
316808305
316808306
316808307
316808308
316808310
316808395
316809277
316809318
316809590
316809680
316809683
316809684
316810074
316810075
317337148
317337152
317337153
317337154
317337160
317337161
317337166
317337182
317337259
317337261
317337267
317337270
317337271
317337272
317337276
317337277
317337281
317337284
317337285
317337286
317337425
317337429
317337432
317337455
317337456
317337457
317337458
317337473
317337475
317337476
317337478
317337486
317337490
317337491
317337492
317337494
317337495
317337496
317337498
317337499
317337528
317337529
317337530
317337531
317337559
317337560
317337561
317337562
317337563
317337564
317337566
317337567
317337568
317337570
317337572
317337576
317337577
317337580
317337723
317337724
317337725
317337726
317337727
317337731
317337732
317337733
317337742
317337748
317337749
317337750
317337751
317337752
317337753
317337754
317337755
317337756
317337757
317337758
317337759
317337819
317337822
317337823
317337826
317337827
317337828
317337829
317337830
317337831
317337832
317337833
317337834
317337835
317337878
317337879
317337882
317337883
317337884
317337885
317337886
317337887
317337888
317337889
317337890
317337912
317337916
317337918
317337919
317337920
317337921
317337922
317337923
317337927
317337929
317337931
317337941
317337956
317337957
317337966
317337967
317337968
317337969
317337971
317337972
317338052
317338054
317338055
317338056
317338057
317338059
317338061
317338064
317338168
317338169
317338170
317338171
317338173
317338174
317338176
317338180
331595252
331596102
331596103
331596105
331596106
331596107
331596108
331596112
331596283
331596284
331596285
331596286
331596287
331596288
331596289
331596290
331596291
331596292
331597610
331597611
331597613
331597615
331597619
331597623
331597632
331597634
380908323
380908330
380908333
380908337
380936033
380936036
380936041
380936045
380936049
380936054
380936064
380936068
380936070
380936074
380936077
380936091
380945444
380945447
380945451
380945456
380988049
380988052
380988056
380988060
380988064
380988067
380988071
380988075
380988079
380988092
380988100
380988106
380988122
409478491
409478730
409480009
409484474
409484476
409486220
409486222
409490887
409490891
442357903
442357963
442357964
442357966
442357967
442358299
442358300
442358301
442358302
442358303
442358304
442358336
442358404
442358405
442358409
442358512
442358633
442358635
442358637
442358639
442358643
442358658
442358708
442358709
442358710
442358747
442358910
442358953
442359060
442359488
442359546
442359556
442359613
442359632
442359835
442359889
442359899
442359900
442359901
442359954
442360138
442360139
442360183
442360427
442360428
442360569
442360572
442360573
442360574
442360575
442360666
442361362
442361908
442361913
442361928
442361930
442361931
442361964
442361965
442362020
442362060
442362284
442362348
442362688
442362689
442362690
442362694
442362695
442362706
442362800
442362808
442362809
442363075
442363078
442363106
442363108
442363113
442363120
442363280
442363281
442363282
442363283
442363284
442363285
442363286
442363287
442363288
442363289
442363290
442363291
442363292
442363293
442363294
442363324
442363325
442363326
442363426
442363618
442364069
442940366
442940387
442940422
442940425
442940449
442940450
442940452
442940453
442940485
442940488
442940588
442940717
442941005
442941006
442941129
442941136
442941674
442944347
450332025
450332027
450332413
450332419
450332420
450332422
450332424
450347627
462889402
462891069
462972817
462973799
462974321
462974324
462974326
462974329
462974330
462975780
462975784
462979629
462979631
462979634
462980385
462998691
471252764
471252766
471252768
471252770
473895047
473895049
473896690
473896692
473896693
473896710
473896739
473896860
473896865
473896870
473896872
473896877
473896892
473896893
473896911
473896923
473896924
473897516
473897530
473897912
473898634
473900283
473900556
473900704
473900707
473901099
473901103
473902502
473902764
473905005
473905007
473905008
473905009
473905010
473905012
473905013
473905303
473905484
473906135
473906247
473906414
473906611
473907133
473909058
473909663
473916934
473931463
473932400
473934600
473935419
473936052
473942734
473943618
473943623
473943751
473945151
473945158
473945163
473945170
473958650
473962143
473963150
473963903
473964722
473965177
473967212
473967939
473967948
473971284
473976474
473977187
473978510
473978514
473979330
473979337
473980685
473981621
473982249
473983346
473983351
474871080
474871083
474871341
474871343
474871346
474871539
474871542
474871544
474871545
474871547
474871548
474871740
474871836
474871937
474871995
474871998
474872116
474872175
474872354
474872489
474872755
474872809
474872866
474872914
474872959
474873011
474873087
474873137
474873201
474873203
474873270
474873448
474874514
474874527
474874530
474874534
474874541
474874628
474874629
474874630
474874632
474874634
474874750
474874751
474874854
474874932
474875454
474875623
474875624
474875627
474875628
474875710
474875712
474875713
474875718
474876060
474876062
474876063
474876064
474876067
474876069
474876070
474876488
474876490
474876604
474876606
474876608
474876611
474876612
474876615
474876640
474876750
474876753
474876818
474876820
474876822
474876910
474876983
474877190
474877239
474877308
474877309
474877311
474877313
474877329
474877436
474877487
474877535
474877587
474877611
474877696
474877735
474877750
474877916
474877955
474877957
474877958
474877970
474877987
474878007
474878008
474878040
474878041
474878077
474878097
474878139
474878140
474878142
474878180
474878181
474878202
474878204
474878233
474878287
474878601
474878628
474878657
474878658
474878716
474878823
474878825
474878986
474878987
474878994
474879014
474879059
474879061
474879062
474879071
474879089
474879097
474879118
474879127
474879153
474879188
474879242
474879459
474879461
474879462
474879465
474879468
474879472
474879475
474879483
474879489
474879490
474879545
474879546
474879580
474879581
474879624
474879625
474879655
474879657
474879685
474879686
474879709
474879710
474879749
474879837
474879841
474879842
474879846
475476520
475476637
475476668
475476669
475476670
475476671
475476672
475476673
475476674
475476676
475476682
475476683
475476727
475476728
475476745
475476747
475476749
475476756
475476802
475476803
475476814
475476815
475476816
475476818
475476824
475476825
475476850
475476851
475476859
475476906
475477030
475477111
475477113
475477117
475477118
475477119
475477140
475477145
475477148
475477205
475477208
475477209
475477233
475477234
475477235
475477375
475477376
475477377
475477434
475477435
475477436
475477437
475477445
475477447
475477474
475477475
475477495
475477496
475477524
475477531
475477532
475477550
475477551
475477630
475477631
475477790
475477793
475477808
475477809
475477812
475477822
475477824
475477825
475477829
475477830
475477831
475477832
475477857
475477858
475477859
475477860
475477861
475477862
475477863
475477867
475477869
475477875
475477876
475477885
475477890
475477895
475477896
475477901
475477916
475477917
475477918
475477943
475477944
475477946
475478040
475478044
475478045
494379559
494379560
494379564
494379565
494413680
494413687
494413690
494413693
494413697
494493540
494493544
494493560
494493571
494493621
494493627
494548981
494600082
494600119
494600122
494600133
494600134
494600136
494600139
494600141
494615946
494615970
494631995
494746306
494746312
494746313
494746316
494746320
494746321
494746323
494746330
494746333
494746336
494746337
494746338
494746355
494746360
494746363
494746364
494746375
494746378
494746395
494746396
494746406
494746411
494746415
494746416
494746417
494746418
494746434
495350837
495351015
495351202
499717867
499719142
499719145
499722933
499727087
499734194
499736719
499745932
499751496
499773065
499773518
499775029
499796384
499796395
499796410
499796448
499797434
499840956
499841740
499841834
499843646
499843649
499844763
499845689
499845695
499846302
499847003
499847010
544355321
544355322
544355323
544355324
544355325
548732884
548734321
548734808
548735981
548736076
548736229
548737131
548737577
548738100
548738116
548738318
548738351
548738624
548738654
548738831
548738834
548739106
548740274
548740670
548741400
548742773
548744434
548745148
548745860
548746499
548746518
548759535
548759549
548759555
548759586
548759596
548808007
548812649
548813241
548815064
589642411
589642417
589642443
589642509
589642520
589642541
589642550
589642569
589642572
589642608
589642628
589642633
589642691
589642694
589642708
589642714
589642824
589643101
589643132
589643195
589643198
592287414
592287531
592287606
592287727
593898337
593898338
593898339
593898341
593898342
593898343
593898344
593898345
593898346
593898347
593898350
593898351
593898354
593898355
593898359
593898363
593898366
593898369
593898370
593898371
593898373
593898374
593898375
593898376
593898377
593898380
593898381
593898382
593898383
593898389
593898395
593898396
593898399
593898417
593898419
593898420
593898422
593898423
593898516
599290421
599290433
605041157
605041158
605041159
605041160
605041161
605041163
605041164
605041165
605041166
605041167
605041172
605041173
605041175
605041187
605041188
605041189
605041190
605041191
605041192
605041200
605041202
605041206
605041226
605041264
605041266
605041323
605673316
605673321
605673328
605673340
605673345
605673350
605673355
605673391
605673395
605673399
605673417
605673420
605673437
605673445
605673450
605673455
605673459
605673468
605673477
605673483
605673492
605673510
605673524
605673529
605673534
605673538
605673543
605673547
605673551
605673554
605673558
605673657
605673686
605673726
605673732
605673738
605673743
605673767
605673772
605673839
605673844
605673847
605673864
605673865
605673873
605673950
605673982
605673990
605674026
605674040
605674059
605674066
605674075
605674138
605674150
605674156
605674191
605674198
605674205
605674212
605674216
605674221
605674242
605674253
605674271
605674277
605674302
605674307
605674526
605674532
605674969
606182709
606182710
606182711
606182712
606182713
606182714
606182715
606182717
606182718
606182719
606182720
606182724
606182725
606182728
606182729
606182730
606182731
606182734
606182735
606182736
606182738
606182743
606182749
606182751
606182782
606182811
606182822
606936955
606936956
606936957
606936975
606936976
606936977
606936978
606936979
606936980
606936981
606936982
606936983
606936984
606937008
606937009
606937017
606937018
606937019
606937022
606937023
606937024
606937025
606937026
606937027
606937028
606937029
606937031
606937032
606937034
606937035
606937036
606937037
606937038
606937039
606937040
606937041
606937042
606937043
606937044
606937045
606937046
606937047
606937048
606937049
606937050
606937051
606937052
606937053
606937054
606937055
606937059
606937061
606937063
606937064
606937065
606937066
606937067
606937073
606937074
606937075
606937095
606937096
606937097
606937098
606937099
606937100
606937101
606937102
606937104
606937106
606937112
606937113
606937114
606937115
606937116
606937120
606937122
606937123
606937124
606937126
606937128
606937130
606937131
606937142
606937145
606937223
606937226
606937238
606937253
606937264
606937275
606937299
606937304
606937310
606937312
606937314
606937315
606937316
606937317
606937318
606937319
606937320
606937321
606937322
606937323
606937324
606937326
606937327
606937329
606937331
606937332
606937333
606937334
606937335
606937336
606937337
606937338
606937339
606937341
606937342
606937343
606937344
606937345
606937346
606937347
606937348
606937349
606937350
606937351
606937352
606937353
606937354
606937355
606937356
606937357
606937358
606937359
606937360
606937361
607232763
607232771
607232820
607232832
607232840
607232862
607232902
607232989
607232993
607233015
607233018
607233032
607233036
607233053
607233058
607233091
607233094
607233104
607233109
607233114
607233118
607233130
607233153
607233164
607233168
607233172
607233176
607233190
607233195
607233268
607233273
607233287
607233291
607233309
607233316
607233321
607233335
607233344
607233395
607233401
607233405
607233425
607233446
607233453
607233465
607233470
607233477
607233600
607233634
607233642
607233671
607233677
607233687
607233717
607233731
607233770
607233777
607233783
607233798
607233815
607233824
607233846
607233854
607233861
607233883
607233888
607233909
607233919
607233930
607233956
607234036
607234045
607234158
607234166
607234202
607234221
607234234
607234239
607234244
607234249
607234266
607234283
607234320
607234325
607234353
607234357
607234362
607234366
607234384
607234390
607234399
607234421
607234426
607234435
607234469
607234620
607234643
607234651
607234660
607234669
607234700
607234709
607234730
607234737
607234744
607234752
607234928
607234933
607234954
607234961
607234974
607235008
607235016
607235253
607235317
607235355
607235440
607235444
607235455
607235460
607235462
607235465
607235479
607235493
607235498
607235525
607235531
607235590
607235597
607235614
607235626
607235639
607235646
607235919
607235979
607235986
607235998
607236026
607236032
607236043
607236047
607236051
607236061
607236067
607236072
607236114
607236133
607236164
607236203
607236210
607236216
607236264
607236269
607236313
607236328
607236334
607236517
607237098
607237110
608319852
608319992
608323421
608324797
608328399
608328581
608330178
608330265
608332384
608335753
608335978
608336570
608339901
608340082
608342212
608343403
608344578
608344588
608344616
608344710
608345636
608345995
608347578
608347580
608347911
608349962
608351590
608353080
608353245
608354337
608354342
608360184
608360292
608361413
608361416
608362281
608362390
608363338
608366760
608367975
608368322
608368350
608369409
608369928
608370637
608370639
608371462
608374086
608374093
608374213
608375093
608377872
608377883
608377887
608379186
608379190
608379193
608379261
608380387
608389282
608390443
608391261
608391884
608391885
608391886
608395242
608397308
608407956
608408296
608409416
608409916
608410175
608410439
608411436
608411446
608411455
608414330
608415695
608420779
608421673
608421834
608424612
608425111
608442001
608442004
608442006
608442008
608442019
608442438
608442440
608445140
608446292
610683638
610683720
610683958
610684129
610684162
610684370
610684562
610684564
610684742
610684743
610684744
610684745
610684762
610684806
610684823
610685389
610685750
610685751
610686031
610686032
610686034
610686035
610686036
610686043
610686138
610689942
610703537
610703591
610703592
611484206
611484208
611484210
611484212
611484214
611484217
611484223
611484227
611484229
611484232
611484233
611484235
611484239
611484241
611484243
611484245
614874123
614874180
622471199
622473173
622474891
622475224
622476469
622477603
622477954
622478161
622488656
622488661
622488870
622489018
622489025
622489218
623136012
623136016
623136024
623136029
623136031
623136033
623136035
623136044
623136050
623136083
623136087
623136090
623136129
623136187
623136192
623136196
623136200
623136319
623136321
623136345
623136347
623136350
623136378
623136380
623136392
623136399
623136403
623136444
623136453
623136463
623136476
623136495
623136511
623136548
623136578
623136599
623136602
623136604
623136642
623136646
623136651
623136665
623136668
623136688
623136689
623136690
623136691
623136725
623136728
623136748
623136755
623136756
623136758
623136766
623136767
623136777
623136778
623136780
623136798
623136801
623136823
623136825
623136826
623136827
623136837
623136842
623136847
623136887
623136892
623136896
623136900
623136903
623136905
623136908
624441306
624442325
624448602
624452182
624452401
624452896
624456520
624456523
624457877
624458366
624458388
624459325
624461611
624462513
624462915
624468820
624470812
624470836
624470848
624470869
624470955
624474492
624476223
624476246
624478961
624481606
624481610
624482917
624484580
624486733
624487494
624493225
624494465
624496832
624496855
624502263
624504341
624507512
624507513
624508612
624509976
624509980
626023506
626027505
626027506
626027508
626029419
626030700
626041320
626041328
626041412
626041949
626042302
626042411
627057420
627058172
627058176
627068848
632386045
632386049
632694641
632695084
632695087
638350279
638356718
638356962
638356991
638356999
639061099
639061972
639061988
639061992
639061995
639073424
639073425
639073426
639073427
639073428
639073429
639073915
639073917
639073918
639073919
639074289
639076299
639085570
639085596
639090067
639090076
639090083
639090087
639090092
639091478
639092815
639096636
639096911
639096913
639097338
639102308
639102311
639103463
639103465
639107213
639107216
639107227
639107723
639107724
639107725
639107769
639108336
639108338
639108340
639108342
639108344
639108346
639108347
639108350
639111249
639111255
639111264
639111326
639111676
639111677
639111678
639112963
639112967
639112970
639113023
639113375
639113381
639113389
639113392
639113394
639113406
639118936
639121074
639121077
639121086
639121090
639121092
639121097
639121102
639121104
639121840
639121842
639122009
639122010
639122011
639122012
639122013
639122018
639122625
639122940
639123058
639123075
649996489
649996520
649996521
649996522
649996523
649996535
649996536
649996537
649996543
649996544
649996545
649996921
649996922
649996923
649996924
649996925
649996926
649996927
649996958
649996972
649997203
649997379
649998092
649998102
649998105
649998107
649998173
649998438
649998439
649998440
649998441
649998447
649998448
649998569
649998843
649998852
649998889
649998890
649998973
649998974
649998987
649998988
649998989
649998996
649999001
649999151
649999333
649999455
649999742
649999743
649999744
649999745
649999746
650000390
650000403
650000839
650000840
650000841
650000842
650000855
650000866
650000867
650000868
650000869
650000874
650000875
650000878
650000890
650000893
650000900
650000925
650000926
650000927
650000941
650001309
650001310
650001317
650001345
650001523
650001527
650001530
650001531
650001532
650001621
650001630
650001631
650001632
650001633
650001634
650004519
650004520
650004727
650004883
650004885
650004887
650004889
650004924
650004931
650004932
650004933
650004936
650004937
650004938
650004939
650004940
650004941
650005096
650005099
650005181
650005197
650005199
650005200
650005219
650005255
650005713
650007624
650007629
651807070
651807699
651815992
651816286
651816288
651816978
651817499
651817505
651817510
651817515
651817521
651818928
651820047
651821270
651825536
651825539
651825542
651825588
651825590
651825592
651825742
651826513
660655826
660655827
660655828
660655829
660656187
660656213
660656335
660656428
660657169
660657171
660657172
660657173
660657434
660658282
660658301
660658302
660658466
660658615
660658637
660658683
660658763
660658764
660658765
660658766
660658768
660659121
660659185
660659258
660659260
660659262
660659720
660660077
660661108
660661135
660661142
660661942
660661943
660661944
660663766
660663767
660663941
660664315
660664316
660664317
660664318
660664319
660664320
660664757
660665146
660665147
660665150
660666489
660666739
660666740
660666753
660666755
660667858
660667859
660671980
660671994
660675337
661980193
670348741
670349075
670352475
670352865
670358374
670358375
670358376
670358377
670359123
670360999
670361374
670363212
670366830
670366831
670366848
670371081
670386406
670387032
670387035
674937393
674938657
678201666
678202032
678203699
678203701
678203704
678203712
678203713
678203715
678203723
678203888
678204609
697286518
697286533
697286537
697286539
697286541
697286542
697286543
697286544
697286546
697286548
697286550
746676502
746786844
746786865
746786876
746786886
746786898
746786906
746786909
746786911
746786913
746786915
746786918
746786937
746786940
746786943
746786944
746786950
746786953
746786962
746786967
746786973
746786988
746786990
746786993
746786995
746786999
746787010
746787013
746787016
746787019
746787031
746787033
746787041
746787044
746787046
746787048
746787054
746787064
746787066
746787068
746787070
746787081
746787083
746787088
746787089
746787093
746787095
746787097
746787099
746787101
746787108
746787110
746787117
746787135
746787137
746787142
746787144
746787147
746787154
746787156
746787160
746787163
746787170
746787178
746787179
746787180
746787181
746787182
746787183
746787184
746787185
746787186
746787187
746787188
746787189
746787190
746787191
746787192
746787193
746787194
746787195
746787196
746787208
746787209
746787215
746787219
746787221
746787222
746787224
746787230
746787233
746787240
746787245
746787246
746787250
746787282
746787316
746787322
746787329
746787330
746787331
746787332
746787334
746787335
746787336
746787337
746787338
746787339
746787340
746787341
746787342
746787343
746787344
746787345
746787346
746787347
746787348
746787349
874867377
874867382
874867389
874867397
874867399
874867400
874867439
874898563
874898665
874898756
874898790
874898798
874898799
874898800
874898801
874898808
874898815
874898832
874898834
874898835
874898847
874898850
874898853
874898854
874898855
874898858
874898867
874898870
874898875
874898878
874898881
874898902
874898906
874898912
874898918
874898932
874898938
874898942
874898978
874898988
874899022
874899025
874903661
874904875
874904876
874949876
1175765568
1175765647
1175765660
1175765690
1175765691
1175765727
1175765733
1175765756
1175765766
1175765827
1175765843
1175765858
1181353057
1181353062
1181353066
1181353069
1181353071
1181353072
1190020122
1190020125
1273449628
1273449808
1273453012
1273454909
1273455412
1273461261
1273462468
1273462848
1273467279
1273469892
1273469960
1273469992
1273478211
1273481285
1273484050
1273484883
1273487046
1273490187
1273492179
1273492447
1273492525
1273500995
1273502165
1273504371
1273506476
1273506645
1273507798
1273508217
1273513158
1273515568
1273518844
1273521406
1273523930
1273524501
1273525541
1273527905
1273532480
1273534990
1273535230
1273535342
1273535358
1273537076
1273539288
1273541734
1273547608
1273549187
1273549618
1273551483
1273557744
1273564211
1273565292
1273566319
1273566897
1273569649
1273572677
1273572870
1273573446
1273576293
1273580248
1273583169
1273585882
1273587697
1273588261
1273589644
1273591164
1273592507
1273593054
1273593123
1273595088
1273597517
1273598856
1273604020
1273606027
1273612054
1273617078
1273620791
1273620803
1273623363
1273624890
1273626280
1273628536
1273630230
1273630497
1273630658
1273632542
1273633609
1273633778
1273635073
1273636397
1273639416
1273641161
1273642254
1273644919
1273650462
1273652515
1273653410
1273656178
1273658188
1273659012
1273664088
1273664882
1273675531
1273677015
1273677723
1273682992
1273683768
1273684329
1273684752
1273687273
1273688685
1273689014
1273689111
1273689177
1273689991
1273690138
1273695071
1273696133
1273696435
1273696766
1273698100
1273699834
1273703690
1273708310
1273708529
1273708800
1273710264
1273710266
1273712021
1273713103
1273714004
1273714135
1273714364
1273715640
1273716943
1273717522
1273721262
1273725185
1273726629
1273726660
1273727980
1273729131
1273731099
1273732404
1273734897
1273737524
1273737753
1273737901
1273737908
1273740278
1273741177
1273742489
1273743751
1273743977
1273745171
1273745404
1273746424
1273746690
1273746801
1273747715
1273749237
1273749857
1273752212
1273754397
1273754929
1273760921
1273766481
1273768037
1273771918
1273774021
1273778813
1273780692
1273780945
1273782551
1273784621
1273785270
1273786838
1273788030
1273788190
1273788999
1273791041
1273791755
1273794169
1273796608
1273803085
1273803190
1273804805
1273814188
1273815907
1273816862
1273817412
1273817924
1273819539
1273820172
1273822398
1273826685
1273829041
1273829317
1273832914
1273833309
1273834081
1273834144
1273837300
1273838991
1273842163
1273842380
1273842885
1273843378
1273844376
1273845048
1273845514
1273845622
1273845967
1273846912
1273847692
1273848108
1273848854
1273849029
1273852459
1273856424
1273858587
1273860272
1273860515
1273860859
1273867352
1273868308
1273868884
1273869776
1273872351
1273872876
1273879192
1273881118
1273882646
1273883508
1273887355
1273890962
1273891616
1273892304
1273896256
1273896930
1273897049
1273897705
1273902708
1273905864
1273906666
1273907839
1273911234
1273912057
1273913267
1273921739
1273932850
1273933248
1273934147
1273934474
1273934812
1273938749
1273943219
1273947195
1273947649
1273948807
1273949321
1273952174
1273952526
1273956090
1273956368
1273960149
1273961323
1273963129
1273964255
1273964270
1273964715
1273964889
1273965019
1273965937
1273969809
1273970423
1273971841
1273972470
1273974277
1273974433
1273974512
1273975291
1273975409
1273977945
1273978943
1273979875
1273979931
1273983428
1273983934
1273983950
1273984834
1273986570
1273986850
1281213769
1281213770
1281241852
1281241868
1281241871
1281241877
1313395638
1313395640
1313395642
1313395644
1354755322
1355562667
1355562668
1355562669
1355562670
1355562671
1355562672
1355562674
1355562675
1355562676
1355562677
1355562678
1355562683
1355562685
1355562686
1355562688
1355562691
1355562692
1355562693
1355562694
1355562698
1355562702
1355562703
1355562704
1355562706
1355562707
1355562708
1355562710
1355562711
1355562712
1355562713
1355562715
1356144924
1358245399
1368340888
1368361981
1371263278
1376334877
1376334878
1376334880
1396409225
1396409234
1396409235
1396409236
1396409237
1396409242
1396409243
1397486685
1397486687
1397486688
1397486793
1397486886
1397486892
1397486941
1397486943
1397486945
1397486955
1397486956
1397487042
1397487074
1397487092
1397487100
1397487108
1397487110
1397487114
1397487118
1403155296
1403155298
1403155299
1403155300
1403155301
1403155302
1403155303
1403155305
1403155306
1403155307
1403155308
1403155311
1403155312
1403155313
1403155314
1403155315
1403155316
1403155318
1403155319
1403155320
1403155321
1403155322
1403155323
1403155324
1403155326
1403155329
1403155330
1403155335
1403155337
1403155339
1403155352
1403155353
1403155354
1403155356
1403155358
1403155363
1403155364
1403155369
1403155372
1403155373
1403156351
1403156353
1403156354
1403156355
1403156357
1403156359
1403158764
1403158767
1403158782
1403158785
1403160971
1403160973
1403160974
1403160975
1403160976
1403201969
1403201971
1403201976
1403201979
1403201983
1403201998
1403201999
1403202004
1403202029
1403202031
1403202032
1403202034
1403202048
1403202051
1403202058
1403202065
1403202083
1403202095
1403202097
1403202098
1403202101
1403202122
1403202135
1403202141
1403202161
1403202166
1403202168
1403202188
1403202189
1403202190
1403202204
1403202210
1403202212
1403202216
1403202220
1403202230
1403206234
1403210135
1403237260
1403237263
1403237264
1403237266
1403237267
1403237269
1403237276
1403237279
1409885100
1409885102
1409885103
1409885111
1409885113
1409885114
1409885115
1409885116
1409885117
1409885118
1409885120
1409885121
1409885123
1409885124
1409885125
1409885126
1409885128
1409885129
1409885131
1409885132
1409885133
1409885134
1409885135
1409885137
1409885138
1409885139
1409885140
1409885145
1409885147
1409885149
1409885150
1409885152
1409885155
1409885159
1409885160
1409885165
1409885167
1451454137
1451454261
1451454268
1451454672
1451454701
1451454705
1451644562
1451644567
1451644568
1451644573
1451644574
1451644581
1451644586
1451644593
1451644594
1451644596
1451644597
1451644599
1451644602
1451644680
1451644683
1451644688
1451644693
1451644699
1451644702
1451644703
1451644705
1451644706
1451644709
1451726444
1452747066
1452747068
1452747085
1452747088
1452747090
1452747092
1452747096
1452747117
1452747128
1475218848
1475218869
1475218899
1475218961
1475218969
1475218977
1475218989
1475218998
1475218999
1475219008
1475219012
1475219014
1475219015
1475219042
1475219043
1475219044
1475240227
1475240234
1570766713
1624735795
1624735796
1625205256
1634140106
1634140111
1634142531
1670880752
1674944686
1674944692
1764651650
1829377355
1829377356
1829377358
1829377359
1829377361
1829377362
1829377363
1829377364
1829377366
1829377367
1829377368
1829377369
1829377370
1829377371
1829377372
1829377374
1829377375
1829377376
1829377378
1831712426
1831712429
1831712431
1832795678
1832795681
1832795683
1832795685
1832795689
1832795691
1832795693
1832795695
1832795697
1832795699
1832795701
1832795702
1832795707
1832795708
1832795710
1832795712
1832795713
1832795715
1832795723
1832795726
1832795778
1832795819
1832795827
1832795830
1832795831
1832795835
1832795841
1832795848
1832795850
1832795852
1832795853
1832795854
1832795855
1832795856
1832795857
1832795859
1834912732
1834912733
1834912734
1834912735
1834912736
1834912737
1834912738
1834912739
1834912740
1834912742
1834944589
1834944591
1834944592
1834944594
1834944596
1834944597
1834944598
1834944600
1834951511
1834951515
1834951519
1834951521
1836204800
1836204801
1836204802
1836204803
1836204804
1836204805
1836204809
1836204810
1836204814
1836204816
1836204818
1836204824
1836204825
1836204826
1836204827
1836204828
1836204829
1836204830
1836204831
1836204832
1836213609
1836213610
1836213611
1836213612
1836213613
1836213614
1836213615
1836213616
1836213617
1836213618
1836215276
1836242385
1836242389
1836242391
1836242393
1836242397
1836242399
1836242401
1836242402
1836242404
1836242406
1836242417
1842094596
1842328271
1842389971
1842389972
1842389973
1842389975
1842389977
1842389978
1842389979
1842389980
1842389981
1842396268
1842509461
1842509464
1842988775
1842988776
1842988777
1842988778
1842988779
1842988780
1842988781
1842988782
1842988783
1843102399
1843117184
1843117186
1843155219
1843155239
1843155243
1843155245
1843155255
1843155256
1843209609
1843209611
1843209613
1843209615
1843209618
1907911573
1909464410
1909464430
1909464513
1909464520
1909464532
1909464539
1909464559
1909464560
1909464561
1909464577
1909464586
1909464592
1909464595
1909464601
1909464602
1909464603
1909464604
1909464606
1909464607
1909464609
1909464610
1909464614
1909464615
1909464616
1909464628
1909464629
1909464630
1909464631
1909464632
1909464633
1909464634
1909464636
1909464640
1909464641
1909464652
1909464684
1909464689
1909464691
1909464692
1909464707
1909464715
1909464730
1909464743
1909464770
1909474981
1910807019
1988947073
2000840943
2000840944
2000840946
2000840947
2000840948
2000840949
2000840950
2000840951
2000840952
2000840953
2000859129
2000859130
2000859131
2000859132
2026775446
2026775448
2030450806
2030450815
2054187107
2054187110
2054187113
2054187114
2054187115
2054187116
2054187117
2054187118
2054187119
2054187120
2054187122
2054187123
2054187124
2054187125
2054187126
2054187127
2054187128
2054187129
2054187130
2054187131
2054187133
2054187135
2054187136
2054187138
2054187139
2054187140
2054187141
2054187144
2054187146
2054187159
2054187162
2054187163
2054187164
2054187165
2054187166
2054187168
2054187170
2054187171
2054187173
2054187174
2054187178
2054187179
2054187180
2054187181
2054187182
2054187183
2054187184
2054187185
2054187186
2054187187
2054187188
2054187189
2054187190
2054187191
2054187192
2054187193
2054187194
2054187199
2054187205
2054187207
2054187210
2054187216
2054187220
2054187225
2054187228
2054187229
2054187231
2054187233
2054187234
2054187236
2054187237
2054187238
2054187247
2054187255
2054187258
2054187259
2054187263
2054187269
2054187273
2054187277
2054187278
2054187280
2054187285
2054187286
2054187292
2054187295
2054187296
2054187297
2054187298
2054187300
2054187307
2054406428
2054406430
2054406431
2054406432
2054406433
2054406434
2054406435
2054406437
2054406441
2054406442
2054406444
2054406445
2054406446
2055553804
2055553805
2055553806
2055553807
2055553808
2055553810
2055553815
2055553816
2055553887
2055553888
2055553890
2055553906
2055554051
2055554054
2055554060
2055554062
2055554063
2055554064
2055554066
2058517269
2058517313
2058517326
2058517416
2058517422
2059583475
2059583479
2059583482
2059583485
2059583502
2059583504
2059583508
2059583509
2059583515
2059583578
2059583586
2059583588
2059583619
2059583623
2059583627
2059583628
2059583644
2059583646
2059583649
2059583650
2059583652
2059583654
2059583657
2059583661
2059583662
2059583663
2059583664
2059583672
2059583673
2059583674
2059583675
2059583676
2059583677
2059583686
2059583687
2059583692
2059583693
2059583696
2059583698
2059583700
2059583702
2059583704
2059583711
2059583713
2059583741
2059583743
2059583749
2059583754
2059583756
2059583760
2059583762
2059583765
2059583766
2059583767
2059583768
2059583769
2059583772
2059583773
2059583774
2059583779
2059583782
2059583783
2059583785
2059583786
2059583789
2059583790
2059583794
2059583797
2059583798
2078112539
2078112540
2114005504
2114005508
2114005516
2114005533
2114005534
2147064069
2147072361
2147072363
2147072367
2147072369
2147072371
2147072373
2147072375
2166141093
2166141097
2166141098
2166144484
2166144485
2166144486
2166147963
2166147965
2166154149
2166157452
2166157455
2166157456
2166157458
2166157460
2166203810
2166203812
2166203815
2166203818
2166203824
2166203827
2166203829
2166203832
2166203835
2166203838
2166203841
2166203844
2166218022
2166218024
2166218025
2166218027
2166222104
2166222105
2166222106
2166222107
2166222108
2166222109
2166222110
2166222111
2166222112
2166222113
2166222219
2166222220
2166222221
2166224147
2166224153
2166227199
2166227201
2166228516
2166228517
2166228518
2166228519
2166238123
2166238126
2166238128
2166238131
2166238132
2166238133
2166238134
2166238135
2166238136
2166238137
2166239366
2166239367
2166239369
2168736631
2168739221
2168739224
2168739225
2177271821
2397202103
2397202110
2397202119
2397205834
2397205835
2397205841
2397205842
2397205843
2397205844
2397205847
2397205848
2459312106
2459312107
2459312108
2459312109
2461127768
2461127769
2461127770
2461127771
2461127773
2461127774
2461132332
2461138397
2461138398
2461138399
2461138400
2489391986
2489391988
2489391999
2489445302
2722622166
2722622167
2722696811
2722708525
2722708526
2722711378
2722711380
2722714864
2726012689
2726012692
2726174139
2726174142
2844344418
2844344419
2844349874
2844898556
2844898559
2844898565
2844898566
2844898567
2844898577
2844898579
2844898582
2845226630
2845269938
2845269944
2846421997
2846425204
2846425205
2846425220
2846425239
2846425241
2846425242
2846425243
2846425282
2846425284
2846425285
2846425286
2846425602
2846425603
2846425604
2900139298
2953403367
2953403368
2953403369
2953403370
2970967484
2981869063
2981888109
2981888113
2981888400
2981900340
2986863829
2986863830
2986870633
2986870634
2990322261
2990322262
2990322263
2990322264
2990322265
2990322266
2990322267
2990323694
2990330328
2990330533
2990330535
2990330545
2990330560
2990330569
2990330614
2990330644
2990330645
2990330670
2990330682
2991671330
2991671331
2991671332
2991672836
2991672837
2991672838
2991672839
2991672840
2991672867
2991672868
2991672869
2991672870
2991672871
2991672872
2991672873
2991672874
2991672875
2991672876
2991672877
2991846348
3019037035
3023677903
3023677905
3023734510
3023734526
3023734529
3023734530
3023740033
3023740122
3023740123
3023740124
3023740125
3023740126
3023740127
3023740128
3023740129
3023740130
3023740131
3023740132
3023741333
3023741334
3023741335
3023741336
3023741337
3023741338
3025940956
3025942407
3042143035
3121074225
3216763978
3216764001
3216764002
3216764003
3216764004
3216764005
3224261024
3224261025
3267864289
3267864291
3267864292
3267864293
3267864294
3332313439
3340413215
3350756525
3350756526
3354328563
3354331557
3355971290
3379660300
3422111521
3444203993
3453285425
3459018551
3495145383
3495160478
3588549618
3588549619
3588549620
3672981190
3672981192
3672981193
3672981194
3672981196
3672983427
3724784409
3725525239
3725525240
3725525244
3725525245
3729596368
3729596369
3729596370
3729596371
3736702123
3743408003
3743408004
3743408005
3743408017
3812808960
3812808961
3812808972
3812808975
3812840428
3812840429
3812840430
3812840431
3831993760
3831993761
3831993762
3831993763
3831993764
3854912437
3882173826
3903754296
3903754297
3962644883
3962644912
3962644931
3962644935
3962644938
3962644939
3962644940
3962644941
3962644942
3962644943
3962644944
3962644945
3962644946
3962644951
3962644952
3962644954
3962645359
3962645360
3962649922
3962649925
3962649926
3962649933
3962649936
3962649944
3962649947
3962686473
3962693283
3962693284
3962695271
3962695274
3962697468
3962697492
3962740783
3962740784
3962740785
3962740791
3962740793
3962740794
3962740795
3962740796
3962740797
3962740798
3962740799
3962740800
3962740801
3962754806
3962754807
3962754808
3962754809
3962754810
3962754815
3962754827
3962773903
3962773905
3962773910
3962773911
3962773916
3962792868
3962797298
3962797299
3962797300
3962797301
3962797303
3962797304
3962797307
3962797308
3962797309
3962797310
3962797311
3962802576
3965137863
3965137878
3965147467
3965147468
3990861398
3991396772
4015833534
4015833535
4015833549
4015833550
4015833551
4015833552
4015833553
4015833554
4015833555
4015833556
4015833557
4015833558
4015833559
4015833560
4015833561
4015833562
4015833563
4015833564
4015833565
4015833566
4015833567
4015833568
4015833698
4015833701
4035234304
4035234305
4035234327
4041049814
4041049820
4041049825
4041049826
4041049827
4041049828
4041049832
4041049833
4041049835
4041057998
4041057999
4041058001
4041058003
4041058004
4041058035
4041058036
4041058037
4041058038
4041058039
4041058040
4041058041
4041058042
4041852009
4041852010
4041852011
4041852012
4041852018
4041852019
4041852023
4041852025
4041852027
4041852030
4041852033
4041852035
4041852073
4041852494
4041852500
4041852501
4041852502
4041852511
4041865281
4041865282
4041865390
4041865391
4041867972
4041867973
4041880685
4041917121
4041917123
4041994077
4041994078
4041994079
4042150964
4042151292
4042151293
4042151294
4042151295
4042151296
4042151297
4042151299
4042151325
4042151326
4042151328
4042151329
4042151331
4042151332
4042151333
4042151334
4042151335
4042151336
4042151337
4042390557
4042390559
4042390561
4042390563
4042390565
4042390566
4042390568
4042390570
4042390572
4042390574
4042390576
4042390578
4042392692
4042392694
4042392696
4042392698
4042392700
4042392701
4085923693
4108098762
4108098777
4108098781
4108098782
4108098783
4108168798
4108168799
4108168806
4108168807
4108168808
4108168809
4108188759
4108188775
4108188776
4108194469
4108194470
4108194472
4108194473
4139235090
4139235091
4139235092
4139235093
4139235094
4139235095
4139235096
4139235097
4139235098
4139235099
4139235100
4139235101
4139235102
4139235104
4139235105
4139235106
4139235107
4139235108
4139235109
4139235110
4139235111
4139235112
4139235113
4139235114
4139235115
4139638809
4139638810
4139638811
4139638812
4139638813
4139638814
4139638815
4139638816
4139697966
4139697967
4139697968
4139697969
4139697970
4139697972
4139698098
4139698099
4139698100
4139698102
4139698103
4139698105
4139698106
4139699303
4139699304
4139699306
4139699309
4143760902
4143760903
4143760904
4143760905
4143760906
4143760907
4143760909
4143760911
4143760912
4143760914
4143760917
4143760925
4143760926
4143760928
4158622230
4158622231
4158622232
4158622237
4158622238
4158625094
4172109232
4172109233
4178768681
4178768682
4178768683
4178768684
4178768685
4178768688
4178790089
4178790090
4178790091
4178790092
4178790093
4178790094
4178790095
4178790096
4178790097
4178790098
4178790099
4178790100
4178790101
4178790102
4178790103
4178790104
4178790105
4178790123
4190293797
4190293798
4190293799
4190296176
4190307463
4190307470
4190307475
4190307476
4190307480
4190319400
4190319401
4190319403
4190319405
4190319449
4200443540
4200443542
4200443543
4200443557
4200454835
4200454836
4200454838
4200454840
4200454844
4200454846
4200454847
4200454852
4200454853
4200454995
4200454997
4200455030
4200461955
4200461956
4200468712
4200493067
4200497155
4200497160
4200497161
4200497162
4200497163
4200497293
4200509472
4200509473
4206183067
4206183087
4206183088
4206183189
4206183190
4206183191
4206205798
4206205799
4206205891
4206205892
4206205899
4206205900
4206300968
4220085294
4220085295
4220087156
4221913033
4221913058
4221913087
4221913088
4221918521
4221918540
4221918541
4221918553
4224818653
4224818655
4224818657
4224818658
4224818664
4224818668
4224818674
4224818675
4224818676
4224818689
4224818690
4224818696
4224818697
4224818698
4224818702
4224818712
4224818761
4224818768
4224818777
4224818780
4224818781
4224818782
4224818784
4224818787
4224818788
4224818789
4224818790
4224818791
4224818792
4224818793
4224818794
4224818795
4224818796
4224818797
4224818798
4224818799
4224818800
4224818801
4224818802
4224818803
4224818804
4224818805
4224818806
4224818807
4224818808
4224818809
4224818810
4224818811
4224818812
4224818813
4224818814
4224818815
4224818816
4224818817
4224821590
4224821603
4224821619
4224821620
4224821621
4224821622
4224821623
4224821624
4224821625
4224821626
4224821627
4224821629
4224821631
4224821632
4224821633
4224821634
4224821636
4224821637
4224821640
4224821642
4224821656
4224821657
4224821660
4224821670
4224821695
4224821700
4224821706
4224821715
4224835125
4224835142
4224835148
4224851135
4224851136
4224851138
4224851139
4224851140
4224851141
4224851142
4224851143
4224851144
4234858064
4234858075
4234898934
4234898935
4234898936
4234898937
4234898949
4234975059
4234975085
4242281970
4242281972
4242281973
4242281974
4242281975
4242281977
4261528976
4261528977
4261655422
4261655423
4261655424
4261655425
4261655426
4261655427
4261655428
4261655429
4261655433
4261655434
4261655435
4261655436
4261655437
4261655438
4263221308
4263221309
4263221310
4263221311
4263221312
4268593387
4268640749
4268823137
4270558487
4270558488
4270560989
4270560990
4270563088
4270564889
4270564890
4270575244
4270575245
4270575246
4270575247
4270575248
4270575249
4270651108
4270651109
4270651110
4276978176
4297188547
4297188548
4297188550
4297188552
4297214499
4308193815
4308219749
4308219750
4314988189
4331153653
4331153656
4331153657
4331153660
4331153661
4331153662
4331153663
4331186332
4331186355
4331215847
4331215848
4331215849
4331215850
4331215855
4331243706
4331243720
4331243721
4331243722
4331243723
4331243733
4331271526
4331281780
4331281781
4331281782
4331281787
4331281788
4331322486
4331322487
4331324200
4331324216
4331324217
4331340383
4331360816
4331360817
4331360818
4331360819
4331360823
4331360824
4331360829
4331360830
4331376798
4331376804
4331376805
4331376806
4331376811
4331376812
4331376813
4331395044
4331424567
4331445423
4331445424
4331445437
4331445464
4331445591
4331467935
4331477985
4331493647
4331501992
4331502002
4331502020
4331503412
4331515238
4331515239
4331730518
4331730519
4331730529
4331730530
4331730540
4331730541
4331730552
4331776134
4331776135
4331776136
4331776138
4331776139
4331776140
4331776141
4331776142
4331776143
4331776144
4331776149
4331776150
4331776155
4331776156
4331776161
4331776162
4331776163
4331776164
4331776166
4331776186
4331776187
4331776188
4331776189
4331776190
4331776191
4331776192
4331776194
4331776195
4331776196
4331776197
4331776198
4331776199
4331780029
4331780031
4331780032
4331780033
4331780034
4331780035
4331780036
4331780038
4331780039
4331780040
4331780041
4331780042
4331780043
4331780044
4331780045
4331780047
4331780048
4331780049
4331780050
4331780051
4331780052
4331780053
4331843260
4331843261
4331843262
4331843263
4331843264
4331843265
4331843266
4331843267
4331843268
4331863999
4331864000
4331921686
4331921687
4331922100
4331922118
4331922119
4331922120
4331922121
4331922122
4331922123
4331922124
4331922125
4331922126
4331922127
4331922129
4331922131
4331922133
4331922135
4332507054
4332507063
4332507064
4332507065
4332507066
4332507067
4332507081
4332507082
4332507083
4332507084
4332507085
4332507086
4332507087
4332507088
4332507289
4332528861
4332528862
4332528863
4332528864
4332528865
4332528866
4332528867
4332528868
4332528869
4332528872
4332528874
4332528875
4332528876
4332528877
4332528878
4332540337
4332540338
4332540339
4332540340
4332540341
4332540342
4332614708
4332614709
4332621494
4332621495
4332621497
4332621498
4332621499
4332621504
4332621510
4332629092
4332629093
4332629094
4332629095
4332629096
4332629101
4332629102
4332629106
4332633607
4332633627
4332633628
4332633629
4332646188
4332659877
4332672411
4332672412
4332689687
4332689692
4332734096
4332734097
4332734098
4332760795
4332760796
4332822188
4332823089
4332823090
4332848127
4332869483
4332869484
4332869485
4332869486
4332869487
4332869889
4332869890
4332869891
4332869892
4332869894
4332869895
4332869897
4334544280
4336221944
4337268535
4337268536
4337335326
4337335334
4337335335
4337344048
4337344064
4337344085
4337344086
4337344087
4337344088
4337346689
4337410468
4337410469
4337410470
4337410471
4337410472
4337410473
4337410474
4337410475
4337410476
4337410477
4337410478
4337410479
4337410480
4337410481
4337410482
4337410483
4337410484
4337410485
4337410486
4337410487
4337410488
4337412289
4337412290
4337412291
4337412292
4337412729
4337437332
4337584909
4337589731
4337589732
4337589733
4337589734
4337589740
4337589741
4337589742
4337589743
4337589744
4337589745
4337600048
4337600049
4337600086
4337600087
4337614191
4337660504
4337685394
4337702772
4337702896
4337702897
4337702898
4337702900
4337702901
4337744480
4337745395
4337745396
4337745397
4337837445
4337837464
4341297234
4341306563
4341306564
4341309886
4341331576
4341331577
4341331578
4341350802
4341350803
4341350810
4341363080
4341381874
4341381875
4341533323
4341611132
4341769888
4341770389
4341770433
4341829533
4341838911
4341838933
4341838934
4341838935
4341838936
4343286693
4343286694
4343286695
4343286739
4343286740
4343286741
4343286742
4343286744
4343330530
4343330531
4343330532
4343330533
4343330534
4343353819
4343365004
4343365005
4343365017
4343384808
4343393903
4343393904
4343393905
4343408399
4343408400
4343408401
4343410489
4343426450
4343426451
4344754928
4344754929
4344754930
4344754931
4344754932
4344758665
4345084553
4345084554
4346544648
4346555522
4346555523
4346558725
4346558726
4346558747
4346558749
4346558750
4346558751
4346558752
4346558753
4346558754
4346558755
4346558756
4346558757
4346558758
4346558759
4346558760
4346558761
4346566278
4346566279
4346566280
4346566281
4346566282
4346571268
4346571269
4346571270
4346571271
4346571272
4346571273
4346601316
4346601317
4346609883
4346609884
4346609885
4346615024
4346615025
4346615026
4346615028
4346615029
4346615030
4346615036
4346622847
4346623029
4346623030
4346623031
4346623032
4346623033
4346623034
4347476109
4347476110
4347747600
4347747602
4347747603
4375898191
4375918230
4377720002
4377720026
4387923625
4405212245
4405212247
4405212248
4405212250
4405212252
4405212253
4405212254
4405212255
4405212292
4405212294
4405212314
4405212317
4405212320
4405212322
4405212323
4405212326
4405212327
4405212328
4405212329
4405212354
4405212355
4405212356
4405212385
4405213191
4405213195
4405213196
4405213198
4405213204
4405213205
4405213211
4405213213
4405213215
4405213841
4405213844
4405213850
4406229967
4406229968
4406229975
4406230793
4406230794
4406230795
4406230796
4406230797
4406230800
4406230801
4406230802
4406246849
4406246858
4406246859
4406246860
4406246862
4406247037
4406247040
4406247047
4406247067
4406247068
4406247069
4406247070
4406247071
4406247072
4406247126
4406247161
4406247162
4406247173
4406247174
4406247175
4406247176
4406247177
4406247178
4406247180
4406247186
4406247294
4406247296
4406247303
4406247304
4406252095
4406252096
4406252108
4406252109
4406252110
4406252111
4406254191
4406254192
4406254193
4406254194
4406254195
4406254196
4406254207
4406254208
4406254209
4406270106
4406270107
4406270109
4406270111
4406270113
4406270115
4406270162
4406285396
4406285398
4406285399
4406285409
4406285410
4406285411
4406285412
4406285449
4406285450
4406285485
4406285491
4406306878
4406306879
4406306884
4406306888
4406307190
4406307191
4406307212
4406307213
4406307214
4406307216
4406307217
4406307298
4406307306
4406307308
4406307357
4406307401
4406307403
4406307405
4406307407
4406307464
4406307465
4406307482
4406307485
4406307486
4429501451
4429501456
4429501461
4429501478
4429501479
4429501484
4429502289
4429502290
4429502291
4429502292
4429506838
4429506845
4429506846
4429506847
4429506848
4429506863
4429506871
4429506877
4429506878
4429507557
4429511894
4429511896
4429511900
4429511901
4429511902
4429511903
4429518878
4429518879
4429518880
4429518881
4429530947
4429530955
4429530956
4429530962
4429530963
4429530987
4429531590
4429531592
4429531594
4429531598
4429531604
4429531623
4429531640
4429531641
4429531642
4429764044
4429764048
4429892201
4429892206
4429892207
4429892208
4429953274
4429953275
4431613201
4431613212
4431613227
4431613243
4431613260
4431753894
4431753898
4431753899
4431753918
4431753934
4431753935
4431753940
4431762893
4431762898
4431762901
4431762907
4431762924
4431762926
4431762927
4431762928
4431762933
4431763104
4431763107
4431763113
4431763114
4431763120
4431763121
4431763122
4437929244
4437929269
4437946044
4437946045
4437946071
4437946072
4437946490
4437946492
4437946534
4437946535
4437946537
4437946545
4437946547
4437946555
4437946585
4437946587
4437946588
4437946589
4437946590
4437946593
4437948903
4437948904
4437948906
4437948909
4437948912
4437948914
4437958859
4437958881
4437958882
4437958883
4437958884
4437958886
4437958888
4437958989
4437958996
4437959033
4437959045
4437961666
4437961681
4437961898
4437963650
4438119120
4438119123
4438138491
4438144727
4438144728
4438144788
4438144789
4438242724
4438242727
4438242730
4438246495
4438246497
4438246502
4438455607
4438455608
4438455609
4438455612
4438455613
4438455615
4438455638
4438455640
4438455648
4439205728
4439205729
4439205743
4439205807
4439205808
4439218795
4439218808
4439218809
4439218820
4439218822
4439218827
4439218828
4439218835
4439218838
4439218840
4439218871
4439236573
4439236574
4439236575
4439251380
4439252295
4439252309
4439252311
4439252314
4439252315
4439252318
4439252321
4439252324
4439283828
4439283831
4439283870
4439283871
4439284916
4439284920
4439285333
4439312401
4439312403
4439312413
4439312450
4439312467
4439312468
4439312469
4439312470
4439312472
4439312482
4439312484
4439312485
4439312486
4439312513
4439312528
4439312529
4439312530
4439312531
4439312534
4439634373
4439634378
4439634383
4439634384
4439634715
4439634718
4439650214
4439650216
4439650218
4439650221
4439650223
4439650224
4439650225
4439650253
4439650256
4439650257
4439650259
4439650279
4439650282
4439650789
4439650791
4439650796
4439650798
4439650818
4439650819
4439650824
4439650826
4439650828
4439650832
4439650833
4439650836
4439650837
4439650838
4439650839
4439650840
4439650845
4439650846
4439650850
4439650852
4439711311
4439711312
4439711317
4439711319
4439711323
4439711342
4439711343
4439711360
4439711361
4439711381
4439711382
4439711383
4439711385
4439712516
4439712518
4439712519
4439712527
4439712528
4439712530
4439712535
4439712537
4439712562
4439712564
4439712575
4439712586
4439719212
4439719213
4439719220
4439719221
4439719228
4439719229
4439719258
4439719262
4439722838
4439722841
4439722843
4439722845
4439722847
4439722849
4439733386
4439733777
4439733778
4439733779
4439733780
4439733781
4439733782
4439733783
4439756186
4439778396
4439778408
4439778438
4439778439
4439778440
4439778441
4439786006
4439786007
4439786008
4439786009
4439786062
4439786063
4439786064
4439786072
4439786074
4439786081
4439786084
4439786087
4439786089
4439786090
4439786092
4439786094
4439786095
4439786096
4439786101
4439786102
4439800804
4439800807
4439800827
4439800871
4439800873
4439800875
4439800879
4439800880
4439801437
4439801438
4439801483
4439801485
4439801487
4439801490
4439801509
4439801515
4439801516
4439801517
4439801518
4439804640
4439804654
4439804659
4439804662
4439804685
4439807038
4439807041
4439807043
4439807044
4439812385
4439812386
4439812402
4439852093
4439852094
4439852126
4439852127
4439852128
4439853008
4471976621
4471979557
4471979559
4471979561
4471979563
4471979567
4471979568
4471979690
4499328859
4499328861
4499328865
4499328866
4499328867
4499328868
4499328870
4499328871
4511026915
4511026916
4511026917
4511026918
4511026947
4511043596
4511043597
4511043600
4511043601
4511049195
4511049201
4511442451
4554590895
4554590936
4554590937
4554590938
4554590939
4560312094
4560312095
4560312100
4560312149
4560312151
4560312193
4560312210
4560312211
4560312213
4560312215
4560312217
4560312218
4560312220
4560312223
4560312233
4560312240
4560312261
4560312303
4560312304
4560312343
4560312344
4560358796
4560358797
4560358814
4560358821
4560358822
4560358824
4560358825
4560358826
4560358827
4560358828
4560358829
4560358841
4560358842
4560359013
4560359014
4560359015
4560359016
4560359033
4572834736
4572834737
4578470521
4578514657
4580606927
4580606965
4580606966
4580606975
4580606980
4580606981
4580606982
4580606983
4580606984
4580606985
4580606986
4580607005
4580607006
4600819493
4600819527
4600819528
4738331490
4738331491
4738331492
4738331493
4738331494
4738331495
4738331496
4738331497
4738331498
4738331499
4738331500
4738331501
4854202932
4854202935
5007846146
5047042822
5047042823
5049277399
5049325540
5049325543
5049325563
5049325589
5049325590
5049325591
5049325620
5049325821
5049325822
5049325823
5049325824
5049325825
5049325829
5049325830
5049325855
5049771925
5049771926
5049771933
5049771970
5049772057
5049772058
5049772066
5049772071
5049794154
5049794379
5049825194
5049825228
5049825229
5049825230
5049825231
5049825232
5049840057
5049840074
5049840075
5049840102
5049840115
5049840117
5049840118
5049840119
5049840120
5049840202
5049882975
5049882976
5049882977
5049882980
5049882982
5049882983
5049882984
5049882985
5049883042
5049883082
5049919264
5049919265
5049921075
5049921076
5049921077
5049921078
5049921079
5049921080
5049921081
5049921082
5049921083
5049921084
5049921085
5049921086
5049921087
5049921089
5049921098
5049921106
5052322885
5052322886
5052322889
5052322890
5052322897
5052471436
5052471438
5054635804
5054635806
5054635811
5054635815
5054635934
5054635936
5054635939
5054635962
5054635968
5054886782
5054886848
5054886849
5054928735
5078106302
5078106303
5078106304
5078106306
5078106307
5078106308
5078106310
5078106312
5078106313
5078106314
5078106315
5078106320
5078106423
5078106428
5078106429
5132284387
5254740884
5254740885
5254740888
5260768863
5260800878
5263016622
5274217721
5274217722
5300238224
5300238237
5323095933
5323095934
5323095935
5323095936
5327390021
5338074598
5365989229
5381377896
5381377897
5381377898
5381377899
5381377900
5381377901
5381377908
5381377909
5381377910
5381377911
5393451565
5393451566
5393451567
5393451568
5393451569
5393451571
5393451572
5393451577
5393451752
5393463425
5393802286
5393802289
5393802292
5393802309
5393802310
5393802311
5393802312
5393802313
5393802314
5393802315
5393802316
5393802318
5393803051
5393803052
5393803054
5393803063
5393803065
5398609494
5398609495
5398609496
5398609499
5398673405
5398673408
5433313695
5433313696
5433313697
5433314180
5433316548
5433316550
5434305562
5434305563
5434305569
5434305573
5434305574
5434305575
5434305576
5434305577
5437754394
5437754396
5437754397
5437754398
5437754399
5437754400
5437754401
5437754403
5437754404
5437754406
5437754409
5437754410
5437754411
5437754417
5437754418
5437754419
5437754420
5437755521
5437755522
5437755525
5437755526
5437755527
5437755528
5437755529
5437755530
5437755531
5437755532
5457715974
5460960155
5471884923
5475073814
5475079660
5475079661
5475079662
5497663790
5500275765
5500275766
5500275783
5500275785
5500275788
5532459128
5532460438
5543155226
5543155227
5543155228
5543183473
5543183484
5543183485
5543183486
5543194925
5543194928
5573895180
5573895181
5577259141
5577656559
5577656560
5612607828
5615941388
5615941389
5615941390
5615941391
5615941392
5615941393
5615941396
5615941397
5615941400
5615941401
5615941402
5615941403
5615941404
5615941413
5615941414
5615941415
5664634287
5695249271
5695751758
5726890841
5728765636
5728765637
5728765638
5728765639
5728765640
5728765641
5728765642
5728765643
5728765644
5728765645
5728765646
5728765647
5728804484
5728804488
5728804492
5728804496
5728879648
5728879649
5728879650
5728879651
5728906437
5728906438
5728906439
5728906440
5728906441
5728906444
5752012945
5782269796
5782269797
5782269799
5782269802
5782283132
5782283133
5794752657
5813380315
5813380316
5813380325
5813380326
5818344733
5818379462
5818379464
5818379465
5818379468
5818379469
5818379471
5818379473
5818389923
5818399190
5818399191
5818905987
5818948995
5818969935
5818969936
5818969938
5818970053
5818970054
5818970067
5818970068
5818970073
5818974354
5819056834
5819056835
5819056836
5819056837
5819056846
5819056847
5819257119
5819270079
5819270083
5819270085
5819357032
5819357033
5819357034
5819357036
5819357037
5819357042
5819357046
5819357047
5821550577
5821565478
5824418241
5824418242
5824418243
5824418244
5824418245
5824418250
5824420831
5824420832
5824420833
5824420834
5824420835
5824420836
5824420837
5824420838
5824420840
5824420842
5824556605
5824556606
5824556607
5824556608
5824556609
5824556610
5824556611
5824556612
5824556613
5824556614
5824556615
5824556616
5824556617
5825898146
5825898148
5825898149
5825898150
5825901709
5825901712
5825907022
5825907025
5825907026
5825907027
5825907030
5872388608
5872388609
5872388610
5872388765
5872388778
5872396529
5872396530
5874142055
5874142056
5874142063
5874142064
5874142068
5874158213
5874158216
5874158217
5874158255
5874158266
5907513227
5907513228
5907513409
5907513417
5907513463
5907513464
5907513592
5907513593
5914840198
5914840200
5914840201
5914843630
5930011167
5930011168
5930011169
5930211384
5930213774
5930214085
5930214086
5930214087
5930214088
5930214505
5930216057
5930216060
5939949918
5939949926
5939949927
5939949928
5941246983
5941246984
5941247185
5941247186
5941247187
5941247188
5941247189
5941247190
5941247191
5941247192
5941394072
5941394073
5941398208
5941479372
5941479373
5941480536
5941480544
5941480549
5941480550
5941480558
5941480566
5941480567
5941480568
5941480569
5941480611
5941480621
5941480631
5941662177
5941662389
5941662390
5941662424
5941662549
5941688058
5941688059
5941688060
5941688061
5941688064
5941688065
5941688084
5941688186
5941688188
5941688189
5941688190
5941728387
5941728388
5941896943
5941896944
5941896945
5941896946
5941896947
5941896948
5941896949
5941896950
5941896951
5941896952
5941896953
5941896954
6001496537
6094213797
6096873688
6107928720
6107928736
6107928738
6108513974
6108513975
6108513976
6108513977
6108513982
6108515187
6108515194
6108515198
6108515200
6108515206
6108515214
6108515227
6108617704
6108617705
6108617706
6108617710
6108617711
6108717573
6108717577
6108717579
6108717584
6108720085
6108720086
6108720087
6108720088
6108720089
6108720090
6108720091
6108720093
6108720094
6108720096
6108720097
6110032458
6110043470
6110043475
6110043476
6110043477
6110043478
6110392741
6117113360
6119550376
6120209285
6120209288
6129187988
6129317401
6129338728
6129338729
6129373520
6129476440
6129476441
6129477159
6129477160
6129477162
6131118239
6131118240
6131265994
6131565503
6131649825
6131649827
6131649828
6131649831
6178838685
6178838686
6238215205
6238215223
6238215227
6238216310
6238216311
6238216312
6238216313
6238216314
6238216315
6238216316
6238216317
6238216318
6238216319
6238216320
6238216321
6238216322
6238216323
6238216324
6238216334
6238216335
6238216336
6238216345
6238216346
6238216347
6238216348
6238216349
6238216350
6238216352
6238216353
6238216354
6238216370
6238216371
6238216376
6238216377
6238216378
6238216379
6238216380
6238216381
6238216382
6238216383
6238216384
6238216385
6238290621
6238290622
6238290623
6238290624
6238290625
6238290626
6238290627
6238290635
6238290636
6238290643
6238290644
6238290645
6238290647
6238409814
6238409815
6238415735
6238415738
6238415739
6238415741
6238415745
6238415746
6238415747
6238415748
6238415749
6238415750
6238415751
6238415752
6238415756
6238415757
6238415758
6238534408
6238534411
6238534414
6238534417
6238534418
6238534419
6238534420
6238534421
6238534422
6238534423
6238534424
6238534425
6238534426
6238534427
6238534428
6238534429
6238534430
6238534431
6238534432
6238534433
6238534437
6238534438
6277874981
6277875088
6290603420
6290603421
6292496820
6292755801
6292755802
6295032956
6296666529
6296666530
6300464785
6300464786
6302441322
6302441327
6302693059
6302693060
6302798876
6302798877
6302923722
6323761773
6323761774
6327801965
6327801966
6327803817
6327803819
6327803820
6327803840
6327803841
6327803846
6327803847
6327803848
6327803849
6327803850
6329927664
6329927665
6329927666
6329927667
6329927668
6329927669
6329927670
6329927671
6329927672
6329927673
6340922896
6340922897
6340922898
6340922899
6340922900
6340922901
6340922902
6340922925
6340922927
6340922936
6340922937
6340922938
6340922939
6340922940
6340922941
6340922942
6340922943
6340922948
6340922949
6340922950
6340922956
6340922957
6340922958
6340922961
6340922962
6340922963
6340922964
6340922965
6340922966
6340946880
6340946881
6340948393
6341351317
6341351318
6341351319
6341351356
6341351404
6341351405
6341351406
6341351407
6341351409
6379698172
6379698173
6379698174
6379698179
6379698180
6402566637
6403430470
6404306990
6404306995
6404306996
6404306997
6404306998
6404573130
6429495683
6429495684
6429499985
6429499990
6429499991
6429499992
6429499993
6450832495
6450832496
6479629032
6479629033
6479629034
6479629035
6479629036
6479629053
6479629054
6479629055
6479629056
6479629057
6479629058
6479629062
6479629063
6479629064
6479629065
6479629066
6479629067
6479629068
6479629069
6479629070
6479629071
6479629072
6479629077
6479629078
6479629079
6479629080
6479629081
6479629083
6479629904
6479629905
6479629906
6479629935
6479629936
6479629938
6479629939
6479629940
6479629941
6479629942
6479629943
6479629944
6479629945
6479629946
6479629947
6479629948
6479629949
6479629950
6479629951
6479629952
6479629953
6479629954
6479629955
6479629956
6479629957
6479629958
6495435022
6507175884
6507197288
6610993989
6617448234
6708557712
6708557713
6708557714
6708557715
6748867950
6748867965
6777288286
6810014956
6812716410
6855748075
6967847581
6988085766
6988085767
7007585815
7018340458
7034006719
7034006720
7034006721
7050786899
7050786900
7067934541
7067934542
7067934543
7067964391
7067964392
7067964393
7067986894
7070387101
7070387102
7070387103
7070387104
7070387105
7070387106
7070387107
7070387108
7070387109
7070387110
7070387111
7070387112
7070387113
7070387114
7070387115
7070387116
7070387117
7070407222
7070407223
7070407225
7070407228
7070407229
7070407230
7070407231
7070408856
7070408857
7070408858
7070408859
7070408860
7070408861
7070412558
7070412559
7070416008
7070416009
7070416010
7070416011
7070438951
7070438952
7070438953
7070438954
7070438955
7070438956
7070438957
7070438958
7070438959
7070438960
7070438961
7070438962
7070438963
7070438964
7070541624
7070541625
7070541626
7070541627
7070541628
7070541630
7070541631
7070541632
7070541633
7070541634
7070541635
7070541636
7070555358
7070555359
7070668668
7070668669
7070668670
7070668671
7070668672
7070668673
7070668674
7070668675
7070680185
7070680186
7070680187
7070680188
7070680189
7070687069
7070687070
7070687072
7070687073
7070704214
7070704215
7070704216
7070704217
7070704218
7070704219
7070704220
7070704221
7070704222
7070704223
7070704224
7070704225
7070704227
7070704228
7070704229
7070704230
7070704231
7070704232
7070704233
7070704234
7070704235
7070704236
7070704243
7070704244
7070705148
7070705149
7070705150
7070705151
7070709380
7070718471
7070726871
7070726872
7070726873
7070726874
7070726875
7070726876
7070726877
7070726878
7070726881
7070726882
7070748885
7070748886
7070748887
7147292121
7147292122
7147292123
7147292124
7147308937
7147308938
7151919665
7151919666
7151958942
7151958943
7151958944
7165197676
7182353732
7182353733
7182353734
7182353735
7182353736
7182353737
7182353738
7182353739
7182353740
7182353741
7182353742
7182353743
7182353744
7182353745
7182353746
7182353747
7223812104
7223812105
7223812106
7223812107
7223812108
7223812109
7223812114
7223812115
7223812116
7223812117
7223812118
7223812119
7223812120
7223812121
7223812122
7223812123
7223812124
7223812125
7223812126
7223812127
7223812128
7223812129
7223812130
7223812131
7223812132
7223812133
7223812134
7223812135
7223812136
7223812137
7223812138
7283633376
7283633377
7283633378
7283633379
7283633380
7283633381
7283633382
7283633383
7283633384
7283635285
7283635286
7283635287
7283635288
7283635289
7283635290
7283635291
7283635292
7283635293
7283635294
7283635295
7283635296
7283635297
7283635298
7283635299
7283635300
7283635301
7283635302
7283635303
7283635304
7283635305
7283635306
7283635307
7283635308
7283635309
7283635310
7283635311
7283635312
7283635313
7283635314
7283635315
7283635316
7283635317
7283635318
7283635319
7283635320
7283635321
7283635322
7283635323
7283635324
7283635325
7283635326
7283635327
7283635328
7283635329
7283635330
7283635331
7283635332
7283635333
7283635334
7283635335
7283635336
7283635337
7283635338
7283635339
7283635340
7283635341
7283635342
7283635343
7283635344
7283635345
7283635346
7283635347
7283635348
7283635349
7283635350
7283635351
7283635352
7283635353
7283635354
7283635355
7283635356
7283635357
7283635358
7283635359
7283635360
7283635361
7283635362
7283635363
7283635364
7283635365
7283635366
7283635367
7283635368
7283635369
7283635370
7283635371
7283635372
7283635373
7310528897
7310528898
7310528899
7310528900
7435894301
7729067026
7744651515
7745886303
7792299845
7792299846
7792299859
7792299868
7792299871
7792299872
7792299879
7792299880
7792299881
7792299882
7792299883
7792299884
7792325685
7792325686
7792325687
7792325688
7792325689
7792325690
7792325691
7792325692
7792325693
7792325694
7792325695
7792325696
7792325697
7792325699
7792325701
7792325702
7792325704
7792325705
7792325706
7792325707
7792325709
7792325711
7792325712
7792325714
7792325719
7792325720
7792325721
7792325722
7792325723
7792325726
7792325727
7792325728
7792325729
7792325730
7792325731
7792325732
7792325733
7792325734
7792325735
7792325736
7792325737
7792325738
7792325739
7792325740
7792325741
7792325742
7792325743
7792325744
7792325745
7792325746
7792325747
7792325748
7792325749
7792325750
7792325751
7792325752
7792325753
7792325754
7792325755
7792325756
7792325757
7792325758
7792325759
7792325760
7792325761
7792325762
7792325763
7792325764
7792325765
7792325766
7792325767
7792325768
7792325769
7792325770
7792325771
7792325772
7792325773
7792325774
7792325775
7792325776
7792325777
7792325778
7792325779
7792325781
7792325782
7792325783
7792325784
7792325785
7792325790
7792325791
7792325792
7792325793
7792325799
7792325800
7792325801
7792325802
7792325803
7792325804
7792325805
7792325806
7792325807
7792325808
7792325809
7792325810
7792325812
7792325814
7792325815
7792325816
7792325818
7792325819
7792325820
7792325821
7792325822
7792325823
7792325824
7792325825
7792325826
7792325827
7792325829
7792325831
7792325834
7792325837
7792325838
7792325839
7792325840
7792325841
7792325842
7792325843
7792325844
7792325845
7792325846
7792325847
7792325848
7792325850
7792325852
7792325853
7792325855
7792325856
7792325857
7792325858
7792325859
7792325860
7792325861
7792325862
7792325863
7792325864
7792325865
7792325866
7792325867
7792325869
7792325872
7792325873
7792325874
7792325875
7792325877
7792325879
7792325880
7792325881
7792325882
7792325883
7792325884
7792325885
7792325886
7792325887
7792325888
7792325890
7792325893
7792325894
7792325896
7792325898
7792325899
7792325900
7792325901
7792325902
7792325903
7792325904
7792325905
7792325906
7792325907
7792325908
7792325909
7792325910
7792325912
7792325913
7792325914
7792325915
7792449871
7792449872
7792449873
7792449874
7792449875
7792449876
7792449877
7792449878
7792449879
7792525202
7792525203
7792905790
7792905842
7792905843
7792905844
7792905845
7794989099
7802239944
7802239945
7802239946
7802239947
7802239948
7802239949
7802239950
7802239951
7844337808
7880264180
8026021576
8026021577
8026021578
8026021579
8026021580
8026021581
8032707048
8032707049
8032747706
8032747708
8032747709
8032989661
8035913440
8035913441
8035913442
8035913443
8035913444
8035913445
8035913446
8035913447
8035913448
8035913449
8035913450
8035913451
8035913452
8035913453
8035913454
8035913455
8035913456
8035923265
8035923266
8035923267
8035923268
8035923269
8035923270
8035923271
8035923272
8035923273
8035923274
8035923275
8035923276
8035923277
8035923278
8035923279
8073226097
8086217705
8086227436
8086227437
8086227451
8086227462
8086227465
8086227466
8086227467
8086227487
8086227495
8086227516
8086227534
8086227542
8109441158
8152083239
8163590068
8234328362
8234459388
8234459389
8234459390
8234459391
8234459392
8234459393
8234459394
8234459395
8234459396
8234459397
8234459398
8234459399
8234459400
8234459401
8234459402
8234459403
8234459404
8234459405
8234459406
8234459407
8234459408
8234459409
8234459410
8234580973
8234706921
8237351488
8412831947
8439914692
8785070264
8794617864
8794617865
8796432745
8796463071
8796463076
8797757627
8797757628
8810681358
8810999141
8810999144
8814642215
8814659320
8840911539
8840927955
8840927956
8840927957
8840927958
8840927959
8840927960
8840927962
8840927964
8840927965
8840927966
8840927967
8840927968
8840927969
8840927970
8840927971
8840927972
8840927973
8840927974
8840927975
8840927976
8840946381
8840946382
8840946383
8840946384
8840946385
8840946386
8851874169
8851874170
8851874171
8851874172
8861585805
8861589819
8861589839
8861589840
8861589841
8861589852
8861589866
8861818127
8861906828
8861906829
8861906830
8861906831
8861906833
8861906834
8861906835
8861906836
8861906837
8861906838
8861906839
8861958784
8861962617
8861994952
8861994979
8861994980
8861994981
8878693826
8878693827
8878819127
8878955277
8878961981
8878961985
8878961987
8879030798
8879030799
8879030800
8879030815
8881885524
8881885525
8881973582
8881973587
8888643815
8888643816
8888728717
8888728718
8888728719
8934160476
8939491225
8939897899
8939897902
8939911834
8939911838
8939911842
8939911844
8939912156
8939912157
8939912158
8939912159
8939912160
8939912161
8939912162
8939912163
8939912164
8939912165
8939912166
8939912167
8939912168
8939912169
8939912170
8939912171
8939912172
8939912173
8939912174
8939912175
8939912176
8939912177
8939912178
8950235622
8950235623
8977741800
9055147879
9055147880
9055147882
9055164961
9055164967
9055214162
9055214164
9055214165
9055214166
9055214167
9055214168
9055214169
9055214170
9055214171
9085708080
9085872456
9131711197
9133769697
9133769698
9136679243
9143629306
9143629307
9143724005
9153028722
9166345768
9166345769
9171262620
9171417780
9173898737
9173898738
9177510246
9177510247
9177510248
9177510249
9177510257
9177510258
9177510259
9177510260
9177510261
9179223291
9179251383
9179261078
9179261079
9179261080
9179278825
9179288874
9179288875
9183982086
9183982104
9183982105
9183982106
9184005029
9184005930
9215391468
9215391470
9257839760
9257839761
9257839762
9257839763
9257839764
9257839765
9257839766
9257839767
9257839768
9257839769
9257839770
9257839771
9257839772
9268761640
9268777319
9268840302
9276424064
9276424065
9278177458
9281879386
9281879389
9289175374
9289175375
9289175376
9289175377
9289175378
9289175379
9289175403
9289175404
9289175405
9312871446
9312871447
9312871456
9312871459
9312871460
9312871462
9312871468
9312871489
9312871490
9312871491
9312871492
9312871493
9312871494
9312871507
9312871508
9312871509
9312871510
9312871511
9312871512
9312871513
9312871520
9328618163
9328646757
9328646760
9328646761
9328646764
9334729906
9343979199
9343979200
9343979201
9343979202
9411566794
9411566795
9411566798
9411566799
9411566824
9411566825
9411566827
9411566828
9411566830
9411566831
9411566832
9411566834
9411566837
9411566838
9411566841
9411566842
9411566844
9411566846
9411566848
9414308149
9414308157
9414308158
9414308159
9414308160
9414308177
9414308198
9414308199
9414308204
9414308205
9414308206
9415566837
9415763809
9416795269
9416795270
9416795271
9416795272
9416795273
9416795274
9416795275
9416795276
9416795277
9416795278
9416797550
9416797553
9416797564
9432447921
9432447922
9438430617
9438430619
9447829362
9447829363
9447829364
9447829365
9447829366
9447829367
9447829368
9447829369
9447829370
9447829371
9447829372
9447829373
9447829374
9447829375
9447829376
9447829377
9447829378
9447829379
9447829380
9447904519
9447904587
9447904588
9458700291
9458700292
9458700293
9470234309
9487315976
9487315979
9487315986
9487315987
9487315988
9499610672
9499610673
9499610674
9499610675
9499610676
9499610677
9499610678
9499610679
9499610680
9499610681
9499610682
9499610683
9499610684
9499610685
9499610686
9499610687
9499610688
9499610689
9499610690
9499610691
9499610692
9499610693
9499610694
9499610695
9499610696
9499610697
9499610698
9499610699
9499610700
9499610701
9499610702
9499610716
9499674117
9499674121
9499674122
9499674123
9499674124
9499674125
9499674126
9499674127
9499674128
9499674129
9499674130
9499674131
9499674132
9499674133
9499674134
9499674135
9499674136
9499674137
9499674138
9499674146
9499674147
9499674148
9499674149
9499674150
9506714692
9512173740
9520755350
9520755351
9520755352
9520755353
9520755354
9568451569
9568451570
9568451571
9568451572
9568451573
9568451574
9568451575
9568451576
9568451577   
9568451578
9568451579
9568451580
9568451581
9568451582
9568451583
9568451584
9568451585
9568451586
9568451587
9568451588
9568451589
9579521043
9579521044
9579846788
9593071586
9649487750
9649487773
9653108618
9653108619
9653108620
9653108621
9696463152
