0:[1591, 1666, 5655, 1592] 
1:[63, 3695, 64, 3852, 3847, 65, 4569, 4572, 5625, 644, 66, 4948, 5342, 3868, 2379] 
2:[47, 1118] 
3:[3644, 207, 1555, 5268, 4220, 409] 
4:[139, 140] 
5:[141, 1751, 5479, 1794, 5973, 5971, 1798] 
6:[158, 4257, 4352, 157, 5264, 1296, 1065, 3626, 1399, 6828, 1304, 1302, 1332, 1322, 4277, 3773, 1170, 5130, 5129, 1238, 19] 
7:[156, 3126, 46, 45] 
8:[1723, 1722, 6949, 4584, 6948, 3715, 219, 4600, 220, 6968, 7056, 4599, 7055, 221, 222] 
9:[191, 2931, 6885, 177, 3892, 3598, 3596] 
10:[3080, 5647, 234, 235, 2926, 4426] 
11:[159, 5357, 5356, 239, 4172, 5458, 3300, 240, 5349, 3301, 241, 242, 3303, 4173, 3302, 3066, 5170, 1031, 1032, 5169, 3304, 1039, 1040, 4537, 2541] 
12:[14, 6226, 6228, 6225, 13, 6691, 12, 11, 10] 
13:[83, 5242, 1226, 1166] 
14:[270, 4786, 443, 3966, 3192] 
15:[303, 304, 5525, 6754, 305, 859, 3842, 861, 2972, 306, 863, 880, 6598, 6134, 3109, 307] 
16:[308, 3108, 6135, 5355, 3045, 309, 310, 865, 311, 896, 3841, 895, 312, 3046, 313, 314, 315, 316] 
17:[3676, 317] 
18:[321, 4933, 322] 
19:[331, 290] 
20:[3840, 6986, 5292, 6985, 5293, 2470, 5785, 2081, 5901, 2077, 2102, 2069, 5584, 1085] 
21:[342, 5582, 2084] 
22:[381, 3838, 1575, 4645] 
23:[398, 4662, 6106, 399, 1113] 
24:[49, 6958, 417, 5654, 5948, 5947, 418] 
25:[1254, 3391, 1251, 1257] 
26:[19, 18, 17, 5398, 16, 15, 1330, 6229, 6227, 14] 
27:[459, 6839, 461] 
28:[2689, 3129] 
29:[475, 3652, 1294, 2694, 3129] 
30:[610, 1116] 
31:[1561, 3126, 410, 4291, 3979, 4006, 3980, 4292, 1064] 
32:[3043, 4450, 3683, 545, 3042, 4538, 480, 2558, 4594, 3039, 516, 4911, 481, 517, 515] 
33:[4251, 3684, 3042, 482, 494, 544, 2992, 3545, 6815, 2991, 6812, 2990, 6814, 3694, 302, 6818, 3098] 
34:[484, 489, 4880, 4889, 505, 2380, 6813, 2990, 6811, 485, 4897, 486] 
35:[487, 4921, 4919, 488, 4890, 4886, 4885, 4893, 499] 
36:[489, 490, 491, 492, 493, 497, 498, 4881, 509, 508, 3041, 494] 
37:[496, 4882, 2555, 497] 
38:[498, 2526, 480] 
39:[499, 511, 2380, 500, 501, 502, 503, 4896, 3041] 
40:[505, 506, 507, 4879, 508] 
41:[509, 4894, 510] 
42:[2526, 510, 4895, 504, 482] 
43:[511, 4892, 4888, 4887, 4891, 512] 
44:[519, 2385, 4869, 523, 4868, 2551, 2588, 2439, 3098, 526, 3543, 2600, 844, 6155, 520, 6156, 521, 295] 
45:[524, 525] 
46:[526, 2522, 4902, 3796, 537, 2504, 4899, 4900, 485, 527, 528, 4272, 4267] 
47:[533, 6158, 532, 3795, 531, 3789, 530] 
48:[537, 538, 4877, 542, 533] 
49:[538, 4878, 540, 4273, 539] 
50:[540, 541, 4876, 542] 
51:[543, 4270, 546, 544] 
52:[545, 4269, 546] 
53:[548, 4875, 4874, 4909, 4908, 549] 
54:[2595, 550, 552, 2563, 4910, 549, 551] 
55:[522, 560, 556, 596] 
56:[558, 598, 559] 
57:[560, 597, 589, 561] 
58:[562, 2850] 
59:[75, 6173, 577, 3865, 578, 6172, 3867, 579] 
60:[580, 581, 6861, 6872, 6871, 6862, 6870, 6863, 6869, 6868, 6867, 6866, 6864, 6865] 
61:[568, 582] 
62:[587, 590, 6860, 588, 589] 
63:[592, 595] 
64:[98, 2575, 601] 
65:[612, 613, 7020, 614, 7021, 615, 7022, 616, 617, 203] 
66:[163, 7028, 7029, 618, 619, 7030, 7031, 435] 
67:[201, 620, 7013, 7012, 7011, 5575, 621, 7016, 7017, 7014, 622, 7015, 54] 
68:[625, 5340, 6834, 5466, 115, 101, 666, 6762, 668, 641, 3525, 640, 710, 638, 3530, 636, 634, 669, 645, 3523, 671, 3522, 646, 3521, 647, 626, 2658, 627, 2387, 628] 
69:[120, 683, 629, 1852, 678, 1850, 676, 675, 4960, 4959, 630] 
70:[631, 5624, 4574, 670, 2537, 709, 3524, 2472, 665, 3857, 632, 6161, 6160, 3856, 633, 6159, 2435] 
71:[651, 6765, 652, 653, 4524, 102] 
72:[654, 642, 2384, 639, 637, 655] 
73:[1797, 1818, 1819, 6824, 1824, 4969, 5908, 3976, 1825, 1827, 1826, 4967, 4966, 1828, 6690, 4968, 674] 
74:[680, 681, 682] 
75:[683, 684, 682, 685, 1846, 686, 1849, 687, 704, 1845] 
76:[1755, 1765, 1800, 4070, 1746, 1801, 5927, 5926, 1802, 1748, 5924, 1803, 5920, 1804, 5921, 5360, 1805, 5361, 1806, 1799] 
77:[3658, 4973, 4971, 1835] 
78:[688, 1840, 1821, 1833, 3660, 4970, 4972, 706, 3659] 
79:[689, 690, 691, 1817] 
80:[691, 693, 1818] 
81:[692, 693] 
82:[1814, 4363] 
83:[1815, 1734, 6395, 1739, 1735] 
84:[1737, 696, 5011, 694] 
85:[1739, 1738, 695] 
86:[90, 720, 87] 
87:[699, 703, 1785] 
88:[698, 781, 700] 
89:[1784, 784, 702] 
90:[705, 1831, 1834] 
91:[706, 1834, 708, 1829] 
92:[707, 3177, 708] 
93:[1733, 722, 721] 
94:[721, 724, 1732] 
95:[722, 723] 
96:[1731, 725, 1732, 6403, 138, 132] 
97:[725, 726] 
98:[134, 137] 
99:[1794, 728, 4980, 1787] 
100:[727, 1788, 4981, 1789] 
101:[1750, 4540, 1787, 1788] 
102:[1776, 4975, 753, 3519, 1793, 1789, 728] 
103:[1790, 5914, 5918, 760, 761, 762, 5917, 763, 5916, 1791] 
104:[5722, 5713, 731, 4374, 1728] 
105:[731, 1729] 
106:[733, 4373] 
107:[736, 5057, 4367, 6367, 1474] 
108:[737, 5060, 5061, 5062, 4366, 6368, 738] 
109:[6382, 739] 
110:[1433, 735, 5046, 88] 
111:[740, 3632] 
112:[1663, 734] 
113:[1664, 732, 1726] 
114:[1792, 741, 1777, 4976, 1778, 742, 743, 2509, 1782, 744, 1791, 745] 
115:[746, 2516, 747, 748, 5989, 749, 1773, 750, 5363, 697] 
116:[1775, 3393, 1776, 751, 752, 1777] 
117:[753, 4979, 755, 754] 
118:[1778, 4977, 754, 1779, 3520, 1780] 
119:[1781, 5913, 756, 4148, 757, 758, 4978, 759, 1782] 
120:[1745, 764, 765, 766, 767, 768, 769, 770, 143] 
121:[1802, 1783, 776, 772] 
122:[771, 701, 5704, 5705, 1772, 772, 4984, 4982, 1767] 
123:[773, 774, 775, 776, 779, 4983, 777, 5987, 778, 788, 1773] 
124:[781, 4066, 771, 773, 780] 
125:[1772, 782, 783, 5708, 5707, 784] 
126:[785, 6190, 787, 5431, 1675, 1676, 786] 
127:[788, 789, 5986, 790, 5988, 791, 1767, 792] 
128:[793, 799, 792, 746, 1741, 745, 5007, 1742, 1768] 
129:[794, 800, 795, 1740, 1761, 1763, 1771] 
130:[795, 1757, 797, 5005, 1758] 
131:[796, 801, 1770, 1757, 1760] 
132:[5890, 1759, 4147, 798, 1760, 1761] 
133:[797, 5004, 4145, 5697, 798] 
134:[5897, 1762, 1763] 
135:[799, 800] 
136:[801, 1769] 
137:[1774, 1770] 
138:[802, 5162, 805, 806, 3527, 4923, 811, 4929, 4925, 3534, 812, 279, 4441] 
139:[803, 625, 2668, 804, 841, 832, 839, 805] 
140:[806, 809, 807] 
141:[808, 809] 
142:[810, 837, 2574, 4951, 2381, 842, 811] 
143:[835, 4956, 6751, 843, 812] 
144:[813, 6757, 818, 814, 3491, 815, 3488, 816] 
145:[328, 821] 
146:[823, 6755, 3528, 4927, 2408, 827] 
147:[825, 6756, 6753, 4926, 826] 
148:[1086, 1490, 5778, 1493, 4202, 1495, 1593, 1591] 
149:[1725, 1097, 1684, 1690, 2492, 6698, 6700, 1647, 1625, 1589, 1588, 43, 1496, 1478, 5777, 1471, 1472, 1491, 1162] 
150:[830, 838, 833, 831] 
151:[832, 2557] 
152:[834, 830, 835, 4958, 836, 892] 
153:[837, 838] 
154:[839, 840] 
155:[841, 3629] 
156:[842, 831, 843] 
157:[844, 2452, 3797, 4901, 4952] 
158:[2973, 3110, 2602, 2598, 6599, 4023, 4024, 2417, 899, 856] 
159:[857, 2553, 4937, 6364, 4939, 907, 864, 898, 6802, 2481, 6143, 2975, 2446, 6145, 3111, 858] 
160:[859, 2388, 857, 931, 4942, 3647, 4936, 860] 
161:[863, 856, 862, 864] 
162:[865, 2972, 866] 
163:[306, 867] 
164:[868, 4442, 869] 
165:[873, 3044, 310] 
166:[2382, 4229, 3044, 875, 876, 877, 881, 878, 879, 3045, 880] 
167:[881, 888, 882, 883] 
168:[884, 6150, 885] 
169:[886, 885, 887, 888] 
170:[889, 4430, 4061, 874, 2382, 4062, 311] 
171:[890, 4433, 4955, 891] 
172:[898, 899] 
173:[900, 4025, 4029, 902, 901] 
174:[2455, 292, 903, 860, 6685, 4941, 4938, 932, 904] 
175:[905, 925, 6601, 4030, 6602, 920, 6803, 916, 913, 911, 906] 
176:[907, 906, 4940, 904, 908, 927, 332] 
177:[908, 912, 915, 919, 909, 4031, 6600, 926, 4545, 924, 3115, 910] 
178:[2308, 6064, 2733, 3751, 3752, 2734, 6129, 3123, 474] 
179:[913, 914, 915] 
180:[916, 917, 918, 919] 
181:[920, 921, 922, 4032, 909, 2389, 923] 
182:[927, 2389, 928, 4544, 929] 
183:[930, 3646, 903, 5384, 4443] 
184:[932, 933] 
185:[1089, 6113, 935, 5946, 936, 418] 
186:[4285, 289, 6826, 972, 967, 3403, 941, 944, 937, 948, 4944, 956, 958, 2393, 938] 
187:[939, 970, 940, 3631, 2620, 941] 
188:[3401, 6647, 942, 2496, 943, 944, 5142, 4943, 962, 4094, 60] 
189:[945, 946, 947, 1164, 948] 
190:[956, 4945, 963, 955, 4096, 3094, 957] 
191:[958, 5935, 960, 5937, 959] 
192:[960, 5936, 961] 
193:[962, 964, 963] 
194:[964, 4095, 965] 
195:[966, 969, 971, 4125, 967] 
196:[968, 6825, 969] 
197:[972, 2457, 973] 
198:[977, 5676, 976, 2711, 4867, 4866, 1002, 1006, 3475, 1004, 4861, 3011, 1027, 975, 4415, 5188, 1013, 3012, 5185, 4854, 1008, 4853, 5184, 974, 4171, 2969] 
199:[978, 5177, 5182, 5181, 1019, 4855, 4852, 5474, 2421, 5186, 3493, 5187, 1007] 
200:[989, 2587, 5369, 2536, 2869, 2571, 5180, 2705] 
201:[2108, 3216, 3219, 2109, 3015, 3222, 2110, 3223, 3224, 2534, 2111] 
202:[3209, 223, 6851, 2113, 2108, 2115, 2123, 2121, 4762, 2042, 3246] 
203:[3118, 3117, 2723, 4051, 2730, 4052, 3013, 996, 1041, 1038, 1036, 3679, 1035, 995, 2707, 3008, 3005, 3003, 994, 3001, 3000, 2706, 2713, 5224, 3604, 993, 3004] 
204:[2086, 6914, 2090, 6888, 3047, 4701, 6887, 2088, 2096, 3048, 3507, 3803, 1104] 
205:[184, 4169, 5191, 2702, 4167, 2993, 4411, 4438, 2906, 1000] 
206:[4415, 1007] 
207:[3474, 2729, 1058, 4863, 3054, 990, 3118, 1028, 5226, 3068] 
208:[3009, 2444, 1010, 1014] 
209:[1017, 1009, 2500, 3414] 
210:[3069, 1030, 3064, 3063, 4505, 1049, 1028] 
211:[1007, 4439, 3051, 4862, 3474, 1005, 979, 1043, 980, 2718, 2603, 981, 5677, 982] 
212:[3054, 3055, 3056, 3492, 3497, 1054] 
213:[1057, 4858, 4857, 2594, 1055, 1056, 1050, 1058] 
214:[1059, 1060, 4207, 1061, 1062, 4204, 1063, 1379] 
215:[1142, 4190, 4191, 5100, 1291, 1152, 1079] 
216:[1070, 4237, 3125] 
217:[1074, 4568, 1077, 5091, 5098, 5093, 5092] 
218:[1075, 4258, 5092, 5096, 5095, 1076] 
219:[1077, 1078, 1079] 
220:[1078, 5097, 5099, 5094, 1076, 1080] 
221:[1081, 1082, 5087, 3517] 
222:[1187, 1186, 1083, 5089, 478] 
223:[428, 1090, 1091, 4521, 4520, 5943, 1092, 5944, 1093, 5945, 1094] 
224:[1190, 4586, 5887, 5886, 1117, 369] 
225:[1121, 386] 
226:[1124, 4281, 5075, 5747, 1125] 
227:[1124, 1128, 1129, 1549, 1544, 5077, 1130] 
228:[1136, 1131, 5275, 1137, 5078, 1138, 6202, 1139, 6203, 153] 
229:[442, 1144, 1145, 1146, 443, 444, 1147, 445] 
230:[1157, 6109, 3812, 1158, 5960, 1159, 2625] 
231:[1163, 5141, 2635, 2403, 1164] 
232:[1168, 16, 1169] 
233:[1170, 1171, 1172, 452] 
234:[452, 453, 454, 455, 456, 1175] 
235:[1129, 1550, 1551, 3653, 156, 411] 
236:[1178, 4259, 479, 3628, 1179] 
237:[1180, 1181, 4249, 1177] 
238:[1182, 1183] 
239:[1186, 1081, 1179, 6082, 1154] 
240:[1082, 5085, 5088, 1083] 
241:[1188, 1482, 5018, 5016, 1469, 1189] 
242:[1190, 4536, 1086, 1162] 
243:[1192, 1193, 1194, 1195, 1196, 1270, 1174, 1197] 
244:[1203, 1204, 1273, 1285, 1287, 1205, 1206, 1207, 1208, 1209, 1210] 
245:[1215, 1214, 1286, 1283, 1284, 1274, 1213] 
246:[1235, 1234, 1233] 
247:[9, 4784, 1147, 1232, 4551] 
248:[1171, 1323, 1333, 1303, 5250, 1305, 1398, 2689, 2693] 
249:[19, 0, 3549, 3550, 1, 5133, 2] 
250:[1239, 6362, 1236] 
251:[1244, 1196] 
252:[1253, 6359, 5320, 5134, 1247, 3552, 3551, 1246] 
253:[1254, 1218] 
254:[1258, 1277, 1257, 1268, 1220, 1211] 
255:[1241, 1259, 2690, 1223, 1260, 6209, 6208, 50] 
256:[1262, 1263, 1221, 1264, 5280, 5284, 1427, 1265, 4222, 1266] 
257:[1267, 5281, 1269] 
258:[1270, 1415, 1271, 1272] 
259:[1276, 4588, 1265, 1269, 4223, 1277, 1278] 
260:[1210, 3322, 1218] 
261:[1289, 1290, 1291] 
262:[1292, 6837, 1293] 
263:[1303, 5249, 5245, 5247, 5260, 1302] 
264:[1307, 4577, 5124, 455, 1306, 1305, 1304] 
265:[1308, 4566] 
266:[1309, 5119, 1310] 
267:[1311, 1312] 
268:[1318, 1319, 1320] 
269:[1319, 5691, 5126, 5690, 1321] 
270:[1327, 1315, 1308, 1316, 4591] 
271:[1331, 5120, 1326] 
272:[1340, 1321, 1342, 1343] 
273:[1342, 1318, 1336] 
274:[1345, 1344] 
275:[1346, 1347, 1348] 
276:[1349, 1350, 2495, 4805, 1346, 4581, 2003, 1351, 1352] 
277:[1350, 4806, 1353, 1354, 1355] 
278:[1351, 1356, 1357] 
279:[1354, 1348, 4808, 4809, 1345, 4811, 1357, 1358] 
280:[1353, 4804, 1347, 4807, 4810, 4812, 1356] 
281:[4582, 434, 1359, 1360, 1361, 1362] 
282:[1364, 1365, 4205, 1366, 1367, 5689, 5688, 1368] 
283:[1370, 2679, 4765, 4764, 1184] 
284:[1371, 2672, 4776, 4560, 1301] 
285:[1373, 4559, 1371, 1372] 
286:[214, 1374, 4763, 1363, 4766, 1185, 4771, 1372] 
287:[1374, 4768, 1370, 1376] 
288:[1377, 1378] 
289:[1380, 2562, 1381, 1382, 4224, 1383] 
290:[1381, 1385] 
291:[1386, 4218, 1387, 4184, 1388, 1389] 
292:[1392, 1391, 4576] 
293:[1391, 1380, 1394, 1393, 1377, 1389] 
294:[1395, 1396, 1378, 1387] 
295:[1396, 1393] 
296:[1339, 1403, 4562, 1404] 
297:[1405, 4737, 4734, 5279, 1352, 1358, 1406] 
298:[1211, 1271, 1410, 1262, 5326, 1411, 1212] 
299:[1388, 1412] 
300:[1410, 1413, 1414] 
301:[1415, 1414, 5323, 6681, 1401] 
302:[1406, 1383, 1344, 1390, 1297, 1355, 1420, 1421, 4770, 1364, 1362] 
303:[1423, 1412] 
304:[1411, 5327, 1409, 1424, 5282, 1425, 5283, 1426, 1427] 
305:[1429, 1428] 
306:[42, 1430] 
307:[1432, 1431] 
308:[1435, 1436] 
309:[5241, 1437, 1438] 
310:[5071, 1439, 5633, 5634, 1440] 
311:[3470, 1441, 1442] 
312:[1443, 1444] 
313:[1445, 5022, 1446, 1447, 1448] 
314:[1446, 1449, 1450] 
315:[1449, 5023, 1451, 1452, 1453, 1454] 
316:[1455, 1456] 
317:[1457, 1607, 1611, 1602] 
318:[1459, 1453, 4535, 1460] 
319:[1461, 1452, 1445, 1444, 1462, 1463] 
320:[1464, 1447, 1443, 1465] 
321:[1466, 1458, 1459, 1461, 1467, 1450, 1464, 1468] 
322:[1451, 1467, 1469] 
323:[5778, 1471, 1470] 
324:[1475, 1476, 1477] 
325:[4202, 1478, 1479, 1188, 1466, 5645, 1604, 5014, 1480] 
326:[1470, 5017, 5019, 1473, 1481] 
327:[1483, 4012, 5031, 5024, 5029, 1484, 1485] 
328:[1486, 1487, 5032, 5025, 5030, 1488] 
329:[1489, 4063, 1477, 1490, 1491] 
330:[1492, 1476, 1493, 5777] 
331:[1494, 6110, 1475, 1495, 1496, 1597, 5042, 5041, 1596, 1600, 1603, 1497] 
332:[1468, 6779, 1498, 6211, 5314, 6797, 1499] 
333:[1500, 1486] 
334:[1487, 5027, 5026, 1483, 1501] 
335:[1502, 6794, 6780, 1503] 
336:[1504, 1505, 6796, 1506, 4015, 6776, 1507] 
337:[1509, 6800, 6801, 1162] 
338:[1510, 6775, 4014, 1507, 1502, 6788, 1511, 6785, 1512, 1513, 1514, 3675, 3674, 6773, 1515] 
339:[1513, 6774, 4828, 4826, 4825, 1516, 1517, 1518] 
340:[1519, 6799, 6210, 1499, 1505, 6795, 1503, 6784, 1520] 
341:[1512, 1521] 
342:[3657, 5738, 5768, 5329, 5735, 5736, 5469] 
343:[381, 382, 4615, 383] 
344:[1498, 6798, 1519, 1508, 4013, 1509, 4017, 1510, 1523, 6212, 439] 
345:[1516, 1524, 1525, 4827, 1515, 1526] 
346:[1523, 6793, 1530, 1531, 6792, 1522, 6790, 1532, 1533, 3673, 3672, 1526] 
347:[1534, 1535] 
348:[1536, 4824, 1537, 1538] 
349:[1537, 4822, 1539, 1540] 
350:[1084, 1541] 
351:[4286, 1535, 1538, 1114] 
352:[1133, 4284, 1534, 5080, 1536, 4823, 1542] 
353:[1132, 3471, 5079, 1543] 
354:[1139, 1543, 1542, 3512, 3481, 1539] 
355:[1544, 4282, 5082, 1545] 
356:[1546, 4816, 4814, 1547, 1548, 1549] 
357:[1548, 1550] 
358:[1551, 1541, 1552, 1547] 
359:[1552, 4813, 4815, 1553, 1554] 
360:[1556, 1555] 
361:[1557, 31] 
362:[30, 1558] 
363:[1559, 4247, 4245, 1560] 
364:[1155, 1545, 1546, 1553] 
365:[1565, 1566] 
366:[415, 1567, 1568, 4684, 1569] 
367:[1567, 1570] 
368:[1568, 4686, 5330, 4682, 1573] 
369:[1571, 3627, 1574] 
370:[1112, 5898, 5899, 4677, 5276, 4290, 1579, 1565, 3483, 1580] 
371:[1570, 1573, 3514, 5364, 1581, 5683, 1582, 1566, 1583] 
372:[1582, 5684, 4683, 5685, 4685, 1569, 4290] 
373:[3680, 1589, 1627, 1629, 1632, 1654, 1590] 
374:[1591, 43, 1598, 5043, 5044, 1098] 
375:[1593, 6111, 1594] 
376:[1595, 1098, 1596] 
377:[1597, 1598] 
378:[1600, 5036, 5034, 5644, 5039, 1608, 1599, 1629, 1634, 4993, 1630] 
379:[1631, 6721, 1646, 1626, 1642, 1645, 1633, 1632, 1601, 1609, 1613, 1616, 1497, 1480, 1602] 
380:[1605, 5038, 1614, 5037, 1617, 5033, 5035, 1603, 1604] 
381:[1606, 1610, 5045, 6603, 5020, 5902, 2474, 1607] 
382:[1608, 5040, 1605, 1609, 1612, 1618, 1610] 
383:[1611, 5021, 1615, 5365, 1612] 
384:[1613, 1614] 
385:[1615, 1616, 1617] 
386:[1620, 5068, 5053, 5049, 5051, 5066, 1622] 
387:[1623, 5067, 5052, 5050, 5054, 5069, 1624] 
388:[4064, 1625, 1628, 4989, 1636, 1630, 4992, 4991, 1639, 1626] 
389:[1627, 1635, 5001, 1628] 
390:[1633, 1640, 1634, 1637, 1635] 
391:[1636, 5000, 4990, 1637] 
392:[1638, 6718, 1639, 1643, 1644, 1640] 
393:[1641, 1642, 1643] 
394:[1644, 1645] 
395:[1646, 6719, 4999, 4997, 4995, 1638, 1648, 1692, 1691, 6701, 1647, 5776] 
396:[1648, 6712, 1652, 1649, 6711, 6706, 6707, 1650, 6709, 1688, 1685, 1651, 5896] 
397:[1652, 6713, 4994, 4996, 1701, 4998, 1631, 1655, 1656, 1653] 
398:[1654, 1659, 1641, 5063, 1661, 1655] 
399:[1656, 1660, 1657] 
400:[1658, 1657, 1659] 
401:[1666, 4652, 6650, 2622, 5774, 1668, 1667] 
402:[1668, 4474, 1669] 
403:[6934, 4523, 4631, 4472, 5612, 4088, 422] 
404:[429, 5953, 5954, 3978, 428] 
405:[284, 5897, 285, 5890, 286, 1651, 1097] 
406:[1679, 1680] 
407:[1681, 1683, 5700, 828] 
408:[829, 4143, 1682, 1671] 
409:[1682, 5703, 4144, 5698, 4141, 5699, 1683] 
410:[1685, 1697, 1686] 
411:[1687, 1698, 6705, 1688] 
412:[1689, 6702, 4986, 4988, 6695, 6715, 1691] 
413:[1692, 6714, 5002, 4987, 4985, 6703, 1693] 
414:[1694, 1696, 4151, 1702, 1700, 6716, 6710, 1649] 
415:[285, 1686, 1687, 1695, 4150, 1696] 
416:[1695, 1703, 1699] 
417:[286, 1697, 1698, 1699, 6717, 1700, 6720, 1701] 
418:[1702, 4149, 4152, 2542, 1703] 
419:[1705, 5963, 5962, 3399, 1706, 3398, 6881, 5961, 1707] 
420:[26, 4349, 25, 5803, 5804, 5252, 5805, 5253, 5795, 5796, 5797, 5798, 5254, 5799, 5255, 5800, 5256, 5300, 5301, 5823, 4236] 
421:[158, 4256, 4353, 5266, 4239, 44] 
422:[620, 5574, 1715, 5573, 7009, 1716, 5571, 7010, 1717, 5572, 3702, 1711, 3701, 1712, 4674, 2634, 4671, 4603, 4663, 3478, 4664, 7047, 398, 6104, 5546, 5545, 1709, 5544, 5543, 1710, 5541, 5542, 5288, 3840, 6984, 5291, 6983, 381] 
423:[4646, 1708, 3839, 3840] 
424:[1718, 1719, 1711] 
425:[1712, 7044, 7045, 7046, 1713] 
426:[1740, 1741] 
427:[1742, 5006, 1743, 5912, 5915, 1744, 761] 
428:[147, 1745, 1746] 
429:[1748, 766] 
430:[3974, 3973, 1749, 5009, 1750, 1751] 
431:[1856, 1857, 5928, 1858, 1859] 
432:[1854, 1863, 1853, 679, 4963, 677, 4964, 1846, 123] 
433:[1870, 6181, 2505, 4965, 6187, 5442, 5443, 6184, 1753] 
434:[1796, 1829, 1830, 1820, 1822, 1823, 5907, 1841, 1842, 3977, 91] 
435:[1843, 1838, 4961, 1839, 1832, 1837, 1872] 
436:[4466, 1874, 1875, 1876] 
437:[1887, 5724, 3385, 1888, 1896, 5145, 2642, 5143, 1898, 1889] 
438:[1890, 5144, 1893, 3381, 3380, 1894, 3382, 3383, 1895, 3386, 1897, 1896] 
439:[1898, 3950] 
440:[1877, 272, 3353, 3351, 3352, 1901, 3354, 3356, 3355, 2699, 1916, 1936, 4797, 1937, 1929, 6057, 1963, 1949, 1959, 1917, 3268] 
441:[449, 3880, 4779, 3874, 1250] 
442:[1908, 3365, 3366, 1909, 5148, 1913, 5146, 1910] 
443:[1911, 1912, 3372, 3373, 1913] 
444:[224, 3016, 2174, 2111, 2173, 2145, 7092, 3232, 7091, 3233, 3020, 3235, 3021, 3023, 2133, 3248, 3253, 984, 3028, 1994, 1999, 2021, 1995, 1914, 1989, 4735, 4740, 1915] 
445:[1923, 1924, 3286, 1925, 5352, 5351, 5350, 1926, 3281, 1927, 3280, 4794, 1928, 1986, 1929, 1941, 1922, 2164, 6724, 2160, 4787, 4788, 4789, 2165] 
446:[1926, 3378, 1931, 3376, 1940, 1932, 4791, 3370, 3368, 1933, 3364, 3363, 1920] 
447:[1934, 3379, 1931] 
448:[1933, 1935, 3362, 3361, 3359, 1936] 
449:[1937, 4802, 1938, 3369, 1939, 3371, 4792, 1940] 
450:[1941, 1942, 1943, 3347, 3348, 1944, 3346, 1945, 1946, 1947] 
451:[3333, 1948, 1964, 1949, 1950, 1951, 3274, 1952, 3277, 1953, 1954, 1966, 1955, 1956] 
452:[3254, 1967, 3268, 2002, 1990] 
453:[3267, 3266, 3265, 1964, 1961, 3269] 
454:[1965, 3273] 
455:[1950, 3273, 1966] 
456:[2550, 1956, 3270, 1917, 1958, 3255] 
457:[1969, 1970, 1971, 3285, 4777, 1979, 1972] 
458:[1973, 4743, 1974, 1975, 1976, 6592, 6593, 1972, 6597, 6594, 1977] 
459:[1977, 6596, 6595, 1978] 
460:[3283, 1981, 3282, 1988, 4795, 1987, 1982, 1983, 3279] 
461:[1988, 4796, 1927] 
462:[1990, 1989] 
463:[3275, 6243, 1991, 1996, 4746, 2001] 
464:[1995, 2000, 4747, 4748, 1996] 
465:[1997, 4750, 4745, 1998, 1999] 
466:[1998, 4749, 2000] 
467:[2001, 2002, 3270] 
468:[2003, 2004, 2005] 
469:[2006, 4596, 2013, 6235, 6234, 6233, 2007] 
470:[2008, 2012, 2009] 
471:[2012, 4803, 2013] 
472:[1914, 3336, 2533, 6766, 6769, 2512, 6245, 6244, 3272] 
473:[1421, 1059, 4206, 1379, 1349, 1720] 
474:[1723, 7057, 2015] 
475:[2017, 6255, 6257, 6254, 6256, 6258, 6260, 6259, 2018, 3263] 
476:[2016, 2508, 3718, 3717, 5579, 3722, 3721, 2015, 2017] 
477:[2019, 3256, 5965, 3257, 3258, 2020, 4707, 4716, 2035, 2038, 2039, 2033, 2032, 4718, 4724, 4723, 2029, 2021] 
478:[2023, 3714, 2016] 
479:[2024, 2025, 2028, 2026, 2027] 
480:[1993, 3264, 1994, 2030, 4722, 4725, 4728, 4719, 2031, 2034, 2040, 2037, 2036, 4708, 3252, 2022] 
481:[2029, 5665, 4727, 5663, 4721, 2030] 
482:[2031, 4720, 4726, 5662, 5664, 2032] 
483:[2033, 2034] 
484:[2035, 4717, 5969, 2036] 
485:[2037, 2038] 
486:[985, 7041, 2045, 7040, 7039, 2044, 7038, 2043, 7037, 2046, 7036, 4424, 169] 
487:[3723, 3728, 3801, 2047] 
488:[6891, 2048, 988] 
489:[2048, 2049, 2050, 2051] 
490:[2052, 2053, 3809, 2054, 4700, 2055, 2056, 4699, 2057] 
491:[1710, 2058, 2064, 2065, 2059] 
492:[2060, 2061, 2062, 2063, 2064] 
493:[2065, 2066, 2067, 4832, 2074, 5294, 2068] 
494:[2069, 2070, 2071, 2072, 2073, 395] 
495:[2074, 2075, 2076, 2073] 
496:[2077, 2078, 2079, 2080, 2076] 
497:[2081, 2059, 2082, 4833, 2075] 
498:[1085, 3638, 3038, 987] 
499:[5552, 380, 5554, 5550, 3033, 3195, 5551, 5560, 5889, 3194, 2315] 
500:[2087, 2093, 2088] 
501:[2090, 2091, 6062, 2089, 6063, 986] 
502:[2091, 2092, 5295, 3049, 4703, 4705, 2093, 2094, 3050, 2095, 2096] 
503:[2097, 4511, 2098, 3036, 2099, 2213, 2106, 2107, 2309, 2329, 3451, 2314] 
504:[2099, 5555, 5556, 2100, 3936, 2101, 2102] 
505:[2100, 2103, 2104, 2105] 
506:[2103, 2106] 
507:[2141, 2142, 2146, 5155, 2109, 2114, 2177, 6902, 2112, 3212] 
508:[2113, 3213, 2628, 2114] 
509:[2115, 3225, 3227, 2141, 2139, 2140, 7093, 3232, 7094, 2156, 2170, 2179, 2180, 3324, 3325, 2117, 3326, 3327, 2159, 2181, 3328, 2118, 3329, 2119, 3330, 3331, 2166, 2186, 2168, 3332, 2189, 5135, 2120, 3972, 2116] 
510:[2121, 3234, 2125, 4756, 4753, 4758, 2130, 2138, 2122, 3022, 3238, 3023] 
511:[2123, 3228, 2126, 4755, 4754, 3231, 4752, 4757, 2131, 2124] 
512:[2127, 2128, 3247, 3024, 3243, 2132, 2129, 3237, 2130, 2131] 
513:[2132, 2137, 3244, 2133] 
514:[2134, 2135, 3251, 2136, 2137] 
515:[2138, 2124, 2139] 
516:[2142, 2143, 3226, 2144, 3229, 3230, 2145, 2172] 
517:[2146, 2147] 
518:[2157, 2158] 
519:[2231, 2225, 2258, 3450, 2289, 2285, 2284, 2278] 
520:[2271, 2275, 2280, 4512, 359, 376] 
521:[2193, 2778, 2194, 2195, 2196, 3096, 3097, 2800, 2811, 2787, 2842, 2415, 3162, 3175, 2197, 2198, 3166, 3040, 3167, 2199, 2810] 
522:[2200, 2852, 2812, 2814, 2813, 2201, 4550, 2191, 3095, 4555, 2192] 
523:[2732, 2212, 2211, 4843, 2210, 2203, 2751, 2750, 2209, 2486, 2208, 2207, 2445, 2206, 2913, 2205, 2204, 2578, 4845, 2566, 2725] 
524:[356, 357, 347] 
525:[48, 6957, 6956, 6955, 2214, 6954, 5951, 6953, 5659, 5949, 2215, 5950, 6119, 2216, 2217, 2218, 6120, 4628, 3434, 2219, 3548, 4630, 6116, 2220, 2221, 5613, 2222, 4632, 2223, 4089, 6126, 2224] 
526:[2225, 3449, 2226, 2227, 2547, 2228] 
527:[2229, 2230, 5163, 2231, 2232, 2233] 
528:[2241, 2243, 2244, 2232] 
529:[2245, 2246, 2247, 2248] 
530:[2247, 2249] 
531:[2250, 2246] 
532:[2251, 2252, 2253] 
533:[2254, 3427, 3425, 2255] 
534:[2257, 6054, 6822, 6051, 3440] 
535:[2258, 3453, 4838, 2259, 2251, 2260, 2261, 6640, 4085, 3428] 
536:[2259, 2245, 4839, 2233, 2262, 2254, 2242, 6118, 2220, 4523, 4519, 4518] 
537:[2262, 2250, 2249, 2263, 4546, 2264] 
538:[2260, 2248, 2263, 2255, 2265] 
539:[2266, 2267] 
540:[2268, 2269, 4179, 2270] 
541:[336, 4547, 2271, 2253, 2272, 2269] 
542:[2273, 4174, 2274, 2272] 
543:[4174, 2275] 
544:[368, 2276, 6677] 
545:[2282, 2284] 
546:[2281, 4228, 2286, 2287, 3442, 2256, 3446, 2288] 
547:[2289, 2267, 3454, 2268, 2252] 
548:[2290, 2291] 
549:[2292, 2293, 2294] 
550:[2295, 4075, 4072, 2296] 
551:[2297, 2290, 2298, 2299, 2300, 2301] 
552:[2302, 4513, 2301, 2294, 2303] 
553:[2300, 2292, 2304] 
554:[2305, 4514, 2299, 2306] 
555:[2298, 2307] 
556:[473, 2977, 472, 471, 470, 3749, 469, 5227, 468, 3746, 3748, 3747, 467, 466, 2984] 
557:[2864, 2860, 473] 
558:[2309, 2564, 2310] 
559:[2311, 2312, 2546, 2313, 2314] 
560:[387, 2313, 2631, 5450] 
561:[2316, 5548, 2317, 2318, 2319, 2291, 2320, 5549, 2307, 2321, 2306, 5563, 2304, 5561, 5562, 2322, 5564, 5566, 2303, 5565, 379] 
562:[2330, 5450, 2329] 
563:[1407, 5403, 456, 1397, 1398, 1399] 
564:[1220, 4552, 1221] 
565:[2352, 2346, 2368, 2360] 
566:[2341, 2342, 3196, 2343, 2677, 2375, 2344, 3200, 3199, 2345] 
567:[2342, 3289, 3201, 3295, 2637, 6849, 2346] 
568:[2348, 3202, 2349, 3204, 3205, 3203, 2350] 
569:[2351, 6847, 2352] 
570:[2356, 6845, 3297, 2350, 2355, 2345] 
571:[233, 2359] 
572:[2360, 2402, 2632, 3296, 3293, 3291, 3290, 3197, 3287, 2341, 2361] 
573:[2367, 2368] 
574:[2396, 6206, 5199, 998] 
575:[998, 3661, 3655] 
576:[2395, 6207, 2728] 
577:[999, 3910, 3909, 3654] 
578:[1382, 1384] 
579:[2669, 4692, 5410, 5411, 5412, 4698, 2057] 
580:[2349, 3299] 
581:[924, 905, 6142, 2975] 
582:[3433, 6046, 910] 
583:[354, 5448, 2411, 2987, 2982, 2979, 2640, 2977] 
584:[2862, 3743, 2865, 2859, 2861] 
585:[2425, 6748, 4407, 2482, 2429, 6022, 6021, 6020, 5894, 2661] 
586:[2234, 5957, 2468, 2459, 2244] 
587:[2430, 1882, 3320] 
588:[5422, 2412, 3163, 5638, 3165, 2629] 
589:[2793, 2802, 2515, 2461, 2582] 
590:[2401, 4898, 4953, 2504] 
591:[1153, 6091, 1564] 
592:[2827, 2838, 2200, 2415] 
593:[2528, 5379, 2978, 2735, 5377, 6132, 2586] 
594:[2104, 2107] 
595:[370, 368] 
596:[3405, 3407, 2548, 6192, 2585, 4126, 5596, 2696, 6193, 2607] 
597:[926, 4033, 925] 
598:[2490, 5419, 2771, 3173, 2769, 3171, 2772, 3170, 2797] 
599:[2635, 5140, 5136, 3395, 2449] 
600:[1562, 6086, 5084, 1563] 
601:[2558, 4449, 2436, 2645, 2959] 
602:[2414, 2846, 2847, 2854, 2463, 2418, 2531, 2447, 2851, 7058, 2833] 
603:[2497, 2786, 2793, 2788, 5422, 2921, 2617, 3161, 2535, 2787] 
604:[4507, 2570, 2511, 2660, 2981, 5378, 2735, 4022, 2630] 
605:[2695, 6195, 2697, 5595, 6194, 5424, 2698] 
606:[1365, 1361] 
607:[4404, 4403, 187, 6744, 2591, 6023, 6732, 2491, 2638, 3741, 6726, 2681] 
608:[2863, 2858, 2520, 2583, 2528, 2469] 
609:[5521, 3692, 3693, 5452, 2816, 3172, 2817, 7000, 2639] 
610:[2518, 2889, 6293, 6294, 2576, 2666] 
611:[5445, 6683, 4443, 6687] 
612:[3407, 3402, 3404, 3406, 5464, 2548] 
613:[2661, 2428, 6041, 6045, 2609, 6044, 6043, 6042, 2491] 
614:[1272, 1263] 
615:[2593, 2915, 2485, 5404, 2590, 5405] 
616:[2404, 2426, 5465, 4447] 
617:[419, 5472, 5939, 4473, 5938, 5471, 429] 
618:[2652, 2970, 6164, 6165, 6166, 3862, 6169, 6168, 6167, 2466] 
619:[3445, 5414, 3444, 2286] 
620:[5494, 6325, 6319, 6318, 6321, 6320, 5496, 4215, 2662] 
621:[2459, 5511, 2240] 
622:[3444, 3447, 2605] 
623:[592, 554] 
624:[5225, 1047, 3117, 997, 1044, 4864, 2712, 2721, 1005, 4440, 3475] 
625:[1925, 3384, 3387, 1903] 
626:[1506, 6777, 5959, 4016, 5958, 6778, 1508] 
627:[2894, 5481, 2893] 
628:[1409, 1408] 
629:[2681, 3742, 3737, 6358, 2650, 2656, 2565, 2419] 
630:[2595, 3541, 3544, 2841, 2599, 2551] 
631:[2481, 900, 4026, 2417] 
632:[2506, 3037, 2577, 4076, 3031] 
633:[2561, 3448, 5208, 3449] 
634:[2602, 901, 6144, 2446] 
635:[5369, 6737, 5368, 2406, 5367, 2870, 3929, 2871, 3928, 2872, 6731, 2868, 6733, 2873, 6037, 6036, 6034, 3415, 6035, 6033, 6032, 3927, 6742, 2638, 6750, 5375, 5376, 6038, 6039, 6040, 3924, 5373, 3922, 5374, 3921] 
636:[3410, 2899, 6292, 6287, 6290, 6291, 6288, 6289, 6286, 2521] 
637:[3405, 5433, 2538, 3403] 
638:[2644, 2630, 3476, 2589, 2469, 2640] 
639:[3430, 4634, 5614, 3423, 3426, 4090, 4633, 3431, 4635, 5615, 3424, 3433, 3422, 3429] 
640:[352, 5447, 5449, 2861] 
641:[2776, 5639, 3169, 2627, 2857] 
642:[2983, 934, 6686, 5445] 
643:[2465, 4543, 5618, 2586, 4531, 6148, 6138, 3124, 3123, 4639, 6140, 3121, 4644, 3120] 
644:[2236, 5413, 3435, 5511] 
645:[5466, 5339, 3103, 3858, 5467, 5334, 6833, 3102, 3101, 3100, 4950, 803] 
646:[902, 4027, 4028, 2598] 
647:[912, 911] 
648:[4638, 2775, 4289, 2647, 2497] 
649:[5773, 2283, 2277, 4018, 2282, 2281, 5207, 3438, 2226] 
650:[2447, 2680, 2845, 5423, 2839, 2848] 
651:[2126, 2125] 
652:[3441, 5470, 2434, 3439, 2636, 3445, 3438] 
653:[1360, 1366] 
654:[2800, 2804, 2795, 3155, 2796, 3157, 2686, 5421, 2770, 2777, 2767] 
655:[2665, 2451, 5420, 2774, 2768, 2779, 2461] 
656:[5456, 5457, 2265, 2442] 
657:[3443, 2626, 2547, 5470] 
658:[1268, 4553, 1267, 1264] 
659:[2614, 4798, 5725, 1919] 
660:[2568, 3131, 2573, 2651, 2831, 2828, 3136, 3138, 2820, 2829] 
661:[1889, 3320, 1890, 1891, 5147, 5150, 1892] 
662:[1218, 3323, 1209, 1201, 1194, 1232, 445] 
663:[1152, 5409, 1074, 1072] 
664:[772, 793, 794, 796, 1784, 1785, 1786] 
665:[323, 820, 324, 325, 326, 816] 
666:[3046, 6771, 893, 894] 
667:[2724, 3104, 4043, 6003, 6004, 2717, 6005, 6006, 6007, 2701, 6008, 6009, 4168, 6010, 6011, 6012, 2727, 6013, 186] 
668:[3663, 3912, 3914, 3913, 6893, 2709, 2724] 
669:[3065, 5682, 3060, 3058, 1048, 1054, 1053, 1057, 1019] 
670:[2720, 2725, 2399, 5201, 6967, 3896, 3668] 
671:[300, 4920, 301, 4884, 6653, 4903, 4904, 6809, 6817, 302] 
672:[2733, 3750] 
673:[870, 2388, 6761, 2527, 871] 
674:[2519, 3900, 3899, 2741, 4844, 2740, 2940, 2742] 
675:[2740, 2530, 3901, 2659, 2610, 2427, 2739, 2467, 2606, 2493, 4849, 2744, 2443, 2745] 
676:[2400, 3601, 2487, 2416, 5210, 2746, 2747, 2748, 4840, 4842, 4841, 2619, 2502, 2448, 2437, 2420, 2657, 2914, 2567, 5405, 2742, 6077, 6076, 2743] 
677:[2549, 2945, 2911, 6588, 2749, 6586, 6587, 6585, 2947, 6584, 6589, 2912, 2951] 
678:[2942, 2752, 2903, 2943, 2753, 2944, 2754, 2755, 2756] 
679:[2450, 2954, 2667, 2949, 2758, 2612, 2655, 6363, 4848, 2757] 
680:[2764, 6830, 2957, 5997, 5998, 2956, 5999, 6000, 6001, 6002, 2955, 2397] 
681:[2758, 2948, 2759] 
682:[4850, 2756, 2759, 2612] 
683:[2456, 6829, 2450, 4851, 2397, 2464, 2204, 2760, 4847, 2420, 2936] 
684:[2566, 2621, 2674, 4846, 2441, 2916, 5406, 2498, 2761, 3898, 2760] 
685:[2593, 5407, 2917, 2762, 2918, 2920, 2919, 2763, 6366, 2742] 
686:[2627, 3168, 2629, 2766, 2476] 
687:[2647, 2792, 2765, 2782, 4525, 2773] 
688:[2771, 2801, 5975, 2781, 4038, 2799, 2515] 
689:[2766, 2617] 
690:[2804, 2794, 2789, 2535, 2476, 2529] 
691:[2611, 2490, 2665, 2798] 
692:[2786, 2797, 2799] 
693:[2783, 2788] 
694:[2412, 2776, 2802] 
695:[2789, 2783, 2767, 2785, 2784, 2780, 2792] 
696:[5421, 2791, 2803, 3160, 3154, 2794] 
697:[596, 557, 4905, 594] 
698:[2648, 3134, 2909, 3135, 2910, 3137, 3139, 3140, 2836, 3141, 4915, 3144, 3148, 3150, 3152, 2823] 
699:[2853, 2608, 3142, 3145, 2834, 3151, 2852, 2842] 
700:[2825, 3153, 2823, 2829, 2821] 
701:[2835, 2844, 3156, 2840, 3158, 2855, 3159, 4912, 2837] 
702:[5377, 2644, 2864] 
703:[2589, 2860] 
704:[5378, 5616, 5617, 2465] 
705:[2428, 6749, 2544] 
706:[2646, 6746, 4402, 2624, 2489, 6024, 2866, 6728, 6729, 6730, 2867, 6031, 6030, 6029, 6028, 6027, 6026, 6025, 2925, 5895, 6727, 2868] 
707:[2489, 6735, 2869] 
708:[2641, 6343, 6344, 5491, 2877, 6341, 6338, 3933, 6339, 6340, 3932, 2458, 2876, 2656, 2687, 2618, 2501, 3662] 
709:[6357, 6356, 2878] 
710:[6357, 2879, 2650] 
711:[2879, 2687, 2880] 
712:[2881, 2462, 4210, 2662, 2882, 6295, 6297, 6296, 2666, 2671] 
713:[2881, 2880, 4216, 6309, 6307, 6308, 6306, 2419] 
714:[2907, 3130, 3923, 6299, 6298, 2885, 4208, 3925, 3926, 6301, 6302, 6300, 2886, 2884, 2572, 2887] 
715:[2876, 2890, 6355, 6354, 6349, 6350, 6348, 3931, 6347, 6346, 2971, 2891, 6351, 6352, 6353, 3930, 3735, 2892] 
716:[2458, 3408, 6335, 6336, 6334, 6337, 2675] 
717:[2895, 2896, 3409, 2596, 2894] 
718:[2572, 2671, 3411, 2510, 2897] 
719:[2887, 2898] 
720:[2897, 2899, 2895, 2900] 
721:[2848, 2824, 4913, 2837, 2821, 3147, 2830, 3133, 2678, 2856, 3132, 2832, 2932, 3472] 
722:[2941, 6075, 6074, 2940, 2939, 2938, 2937, 2936, 2935, 2934, 2933] 
723:[2765, 4288, 2959] 
724:[2962, 4058, 4057, 2961] 
725:[2966, 4416, 2965, 2995, 2996, 2964] 
726:[2858, 5381, 5383, 2570] 
727:[4534, 2532, 2981] 
728:[2978, 2986] 
729:[2520, 5380, 5382, 2511] 
730:[2985, 2980, 4019, 469] 
731:[349, 2673, 2323] 
732:[2865, 2988, 2984] 
733:[2982, 5238, 5640, 2440, 5641, 2985, 4020, 2988] 
734:[3016, 2175, 3221, 3220, 3218, 3217, 2176, 3215, 2177] 
735:[1011, 3414, 1018, 1010] 
736:[1012, 1014, 3012] 
737:[1008, 3009, 1009] 
738:[1016, 3416, 2714, 4417, 1015] 
739:[2671, 4214, 2883] 
740:[2888, 6278, 6281, 6279, 6282, 6280, 4211, 6261, 6262, 4212, 6277, 6264, 6272, 6276, 6271, 6274, 6269, 4213, 6270, 6273, 6263, 6275, 6266, 6268, 6267, 2883] 
741:[3035, 4516, 3037] 
742:[3034, 3030] 
743:[5893, 2169, 4517, 3034, 2296, 4071, 2577, 3036] 
744:[1056, 3056] 
745:[1052, 5780, 4860, 1051, 3496, 1048] 
746:[3052, 3890, 5173, 4856, 4859, 1053, 4436, 3053] 
747:[3057, 3059, 3062, 1030] 
748:[3498, 3895, 3061, 4435, 3060, 5681, 3059] 
749:[1050, 3055, 1052, 5171, 2623, 5417, 1049] 
750:[1055, 2719, 3052, 3492] 
751:[1044, 3075, 3074, 3073, 4865, 1045] 
752:[2162, 3334, 4790, 3335, 2161, 6725, 2163, 1918, 1942, 1916, 1919, 4800, 3360, 1920, 4799, 3367, 1921] 
753:[2386, 3864, 579, 576, 114, 113, 112, 111] 
754:[76, 2379] 
755:[849, 850, 851, 852, 853, 6133, 6154, 854, 3107] 
756:[416, 2790, 3503, 4035, 4036, 2436] 
757:[2843, 4914, 3143, 3146, 3149, 2523, 6831, 2825, 2835, 2822, 2826, 5423] 
758:[2686, 2782] 
759:[2422, 2815, 6999, 2818, 2819, 5452] 
760:[3185, 5669, 5670, 5671, 5672, 5673, 5674, 5675, 3178, 3187, 5667, 5668, 3184, 3182, 5666, 3181, 3185, 3186, 3179, 3180, 1037, 3183, 1042] 
761:[3188, 3190, 1042, 996] 
762:[2041, 3249, 2040, 2039, 2552] 
763:[2041, 3245, 3234, 3228, 3225, 3216, 3213, 6850, 6899, 3211, 3210] 
764:[3242, 3240] 
765:[3202, 3207] 
766:[3263, 3262, 5966, 6253, 3260, 6252, 3259, 2020] 
767:[3292, 3291] 
768:[3290, 3289] 
769:[3296, 3295] 
770:[3288, 3197] 
771:[3299, 3298, 3297] 
772:[3294, 3293] 
773:[3293, 3201] 
774:[3311, 6846, 6848, 3310, 3309, 3308] 
775:[1928, 4793, 1987] 
776:[3392, 3391] 
777:[3390, 2642] 
778:[1901, 3357, 3358, 1899, 2614, 1911, 4801, 1921, 1886, 3377, 1902, 1887, 1934, 1903, 3388, 3389, 1904, 5220, 1905] 
779:[1985, 3349, 3345, 3343, 3341, 3342, 3344, 3350, 1982] 
780:[3393, 3394] 
781:[3395, 5139, 5138, 949, 6127, 4110, 3396] 
782:[3411, 6285, 6284, 3412, 6283, 3413] 
783:[3079, 3421, 3418, 3420, 5646, 3417, 3419] 
784:[3427, 5456, 2221, 4631] 
785:[3435, 3437, 2238, 2217] 
786:[2636, 2676, 2605, 3442] 
787:[3446, 3439] 
788:[2312, 388] 
789:[3454, 3453] 
790:[3455, 3458] 
791:[3463, 3460, 5744, 5743, 3461] 
792:[3460, 5757, 5758, 3467, 5759, 5741, 3464, 5740, 5748, 3800, 3466] 
793:[3462, 4011, 5318, 5734, 5317, 3465, 4009, 5737, 6678, 3463] 
794:[3459, 5745, 3467, 3465] 
795:[3469, 1488, 5028, 1484] 
796:[204, 7023, 3487, 7024, 3484, 7025, 3485] 
797:[3489, 3491] 
798:[1051, 5779, 5172, 5781, 2569, 5416, 3063] 
799:[3058, 3057, 3494] 
800:[3497, 3496, 3494, 3495, 3064, 3630, 4506, 244, 4467] 
801:[2968, 4170, 1020, 2902, 1011, 1012, 3677, 1001, 2962, 1021, 2994, 3083, 3084, 1022, 1003, 1023, 1024, 1025, 2700, 2963, 1026, 3088, 3091, 4054, 3090, 3087, 4053, 3086, 1046, 3085, 5678, 2703, 3082] 
802:[2743, 3499] 
803:[3500, 2941] 
804:[975, 4414, 1015, 2966, 4412, 1001] 
805:[3499, 3905, 5189, 3502, 3677] 
806:[3507, 6889, 3804, 3508] 
807:[2453, 3509] 
808:[6950, 2453] 
809:[1570, 1571, 1572] 
810:[3479, 3699, 3727, 5358, 3726, 6102, 4603] 
811:[3517, 1180, 4260, 217] 
812:[3518, 6088, 1140] 
813:[1240, 1241] 
814:[204, 7027, 3480, 7026, 5277, 1580, 205, 1583, 1574, 215, 6079, 216, 1178, 217, 3666, 218, 4007, 208, 1064] 
815:[1240, 1256, 5387, 5389, 1248] 
816:[206, 4348, 3651, 27, 26, 5809, 5265, 5267, 158] 
817:[127, 128] 
818:[141, 1733, 1731, 5008, 1730] 
819:[2698, 4480, 4490, 3561, 3559, 4491, 4504, 5240] 
820:[287, 5428, 1671, 1672, 4139, 1673, 4138, 1681, 1680, 4475, 4476, 4477, 4478, 4479, 1669] 
821:[1799, 142, 143, 144, 145, 146, 4067, 147, 148, 118, 1747] 
822:[1747, 6185, 1754] 
823:[1752, 5501, 5710, 5709, 5435, 649, 648, 62, 6182, 1869] 
824:[2695, 4129, 5587, 1678, 441, 5592, 1670, 5432, 786, 1724, 1725] 
825:[1752, 1753] 
826:[287, 4130, 5591, 440] 
827:[1747, 1765, 1766, 5766, 5764, 4065, 4134, 698, 4132, 699, 785, 1670, 287] 
828:[428, 430, 5940, 431, 5941, 6933] 
829:[49, 3819, 1089, 5657, 433, 3821] 
830:[1087, 6932, 1088] 
831:[274, 3946] 
832:[276, 3954] 
833:[276, 273] 
834:[1288, 6361, 1239] 
835:[3192, 3964, 1191, 3957, 1198, 3956, 1206, 1215, 1280, 3947, 275] 
836:[1230, 3967, 444, 4785, 7] 
837:[1230, 3192] 
838:[1868, 1861, 1860, 1855, 1848, 1851, 1856, 1764, 1747] 
839:[3526, 667] 
840:[319, 3529] 
841:[3529, 4928, 4930, 4278, 2525] 
842:[700, 5706, 2454, 701] 
843:[816, 3490, 327, 328, 329, 6047, 330, 2483, 6048, 331] 
844:[322, 323] 
845:[2377, 4434] 
846:[2377, 5621, 3783, 73, 6177, 6178, 74, 6179, 6180, 75, 5336, 2386] 
847:[294, 3794, 3788, 530, 529, 295] 
848:[586, 582, 585] 
849:[111, 110, 109, 591, 4916, 4917, 4872, 4873, 4197, 4871, 547, 108, 5783, 3539, 107, 106, 105, 104, 2615] 
850:[594, 4907, 4906, 558, 583, 584, 3536, 111] 
851:[295, 3542, 2595, 5348, 5526, 3775, 296, 6693, 4598, 6694, 2478, 299] 
852:[2849, 4597, 277, 3774, 5347, 550, 593, 522, 587, 562, 3787, 3786, 2377] 
853:[3545, 6810, 3546, 3547] 
854:[1798, 1775, 1873] 
855:[1799, 1795] 
856:[1872, 3658, 4974, 3659, 1796] 
857:[739, 1456, 1118] 
858:[739, 1622, 3457, 3455, 1623, 1463] 
859:[1463, 1460, 5065, 1457, 1621, 5903, 5048, 5047, 1587] 
860:[1872, 1873] 
861:[1796, 5970, 1817, 5974, 5478, 1797, 127] 
862:[275, 276] 
863:[1281, 1216, 1207, 3955, 1199] 
864:[1088, 5656, 3820, 1592, 1594, 1494, 1492, 1489] 
865:[128, 6391, 1734, 6394, 6397, 4363] 
866:[1674, 957] 
867:[1094, 3094] 
868:[129, 1871, 5983, 130, 5984, 5985, 5911, 4364] 
869:[1168, 4589] 
870:[1293, 1294, 1295] 
871:[458, 6841, 1292, 1067, 5322, 3128] 
872:[1295, 1296] 
873:[1295, 2691, 44] 
874:[458, 6842, 4238, 459] 
875:[1173, 1168] 
876:[1293, 457] 
877:[1167, 3961, 1242] 
878:[2693, 1065] 
879:[1176, 2694, 2693] 
880:[1250, 3875, 4778, 3876, 447] 
881:[2693, 1295] 
882:[1907, 5219, 1905, 5222, 5788, 5789, 1923, 1969, 6923, 1973, 4578, 6995, 4742, 4732, 4739, 1915, 4741, 2006, 2005, 4579, 2008, 1721, 6950, 51] 
883:[1250, 3872, 1228, 13, 1148, 1233] 
884:[1176, 1293] 
885:[437, 3705, 7002, 202, 7001, 7018, 7019, 203, 204] 
886:[1705, 1100, 6909, 4694, 4387, 167, 3250, 168, 3239, 3807, 1110] 
887:[51, 52, 4583, 4582, 53, 1714, 6925, 3707] 
888:[437, 436] 
889:[729, 732, 2581, 733, 3633, 734] 
890:[4301, 268, 5884, 5630, 5631, 5850, 21, 3570, 4300, 5628, 5867, 4232, 4231, 5882, 5629, 6056, 6055, 5866, 5865, 20, 4293, 5864, 5500, 4298, 4297] 
891:[4303, 5828, 3573] 
892:[3585, 6990, 6991, 4395, 4396, 3584] 
893:[3116, 3584, 190, 3557, 3583, 3650] 
894:[3591, 3592, 6886, 3593, 3594, 3595, 3596] 
895:[3591, 3597, 3590, 177, 2930] 
896:[3419, 1102, 1029, 3061, 181, 182, 3053, 183, 5178, 978] 
897:[6467, 6468, 6469, 6470, 6564, 5794, 2737, 4324, 4325, 4327, 4326, 4328, 3768, 4329, 4330, 4331, 2736, 4332, 5477, 3606, 4333, 6577, 6578, 42] 
898:[3615, 3614, 6688, 3621, 3619, 3613, 3612] 
899:[3618, 4242, 3619] 
900:[3621, 3622, 4241, 3620] 
901:[3622, 3623] 
902:[3626, 2689] 
903:[1125, 1435, 5791, 1437, 1439, 1441, 1428, 1485, 47] 
904:[1125, 1126, 5297, 1127] 
905:[44, 2692, 3624, 1115] 
906:[271, 1883, 1891, 5149, 1910, 1884, 3375, 1885, 3374, 1886] 
907:[1754, 5440, 4498, 1755, 1756, 4497, 5765, 5762, 5763, 3560, 3562, 4485, 4484, 4135, 4133, 4128, 5593, 441, 440] 
908:[4359, 4356, 4375, 1729, 4376] 
909:[1754, 61] 
910:[1730, 3975, 3974] 
911:[44, 609, 477, 475, 3644] 
912:[4419, 83, 4782, 82, 81, 80, 79, 78, 77, 3, 4, 5, 6, 270, 4783, 7, 8, 4418, 9, 624, 10, 86, 85, 84, 4419] 
913:[730, 729] 
914:[1072, 3125, 2432, 6094, 212] 
915:[457, 6840, 458] 
916:[212, 216, 6093, 6092, 1153, 6090, 5453, 6089, 3518, 6087, 1562, 6857, 6085, 1154, 6084, 413, 6080, 4681, 5696, 6852, 5081, 154, 6855, 5270, 1155, 2517, 5083, 4836, 1130, 3832, 1156] 
917:[445, 3888, 12, 3889, 6692, 446, 3877, 447] 
918:[448, 3884, 4781, 3881, 449] 
919:[448, 3887, 1255, 1256, 5132, 2] 
920:[445, 1148, 6221, 6214, 6215, 6222, 6220, 6224, 6217, 6219, 6216, 6218, 6223, 1149, 1343, 1150] 
921:[1072, 1289, 1073] 
922:[212, 6078, 213] 
923:[1095, 1816, 6652, 1736, 1735, 127] 
924:[1727, 730, 1728, 4359, 136] 
925:[1662, 1660, 1661] 
926:[1704, 729, 711] 
927:[169, 2960, 170, 171, 3018, 172, 3017, 173, 174, 4388, 175, 1105, 176, 3591] 
928:[985, 4651, 1108, 4423, 1106] 
929:[3596, 4469, 2688, 5154, 6897, 223, 3211, 5151, 2664, 2112, 6900, 3214, 224, 2171, 225, 3314, 2184, 226, 2182, 2185, 2167, 3318, 227, 2187, 3317, 3316, 6910, 5157, 228, 2373, 5159, 5160, 2190] 
930:[303, 6752, 278, 279, 280, 320, 2455, 2525, 7095, 4283] 
931:[3245, 2042, 4761, 3240, 2027, 985] 
932:[3210, 3209, 5153, 2507, 4468, 2356] 
933:[2930, 178, 4394, 3891, 6938, 3600, 4425, 179, 3585, 3588, 3080] 
934:[1106, 4690, 3508, 2433, 2087, 4702, 4704, 3730, 5537, 986, 5568, 6912] 
935:[406, 3731, 3724, 394, 2083, 3637, 392] 
936:[3843, 3810, 2405, 6927, 3835, 391, 5289, 1708, 1575, 5286, 1584, 2475, 4625, 4623, 4621, 55, 1121, 56, 4626, 57, 6929, 6930, 3816, 369] 
937:[1106, 1107, 3808, 198, 2057, 2604, 4383, 3729, 4696, 4693, 6903, 1099] 
938:[1795, 1845, 1836, 1847, 1862, 1864, 1865, 4962, 1867, 1866, 1844] 
939:[191, 3582, 6884, 6989, 192, 4389, 7086, 193, 7085, 6879, 194, 6880, 3697, 195, 196, 197, 3019, 3696, 1104, 6939, 3805, 1106] 
940:[1111, 4648, 4602, 4608, 4647, 4603] 
941:[1795, 1872] 
942:[406, 1109] 
943:[1249, 1255, 1241] 
944:[1, 1248] 
945:[1248, 5388, 1249] 
946:[1241, 1242] 
947:[1242, 3886, 448] 
948:[1248, 3959, 1245, 3960, 18, 1237, 5263, 6069, 1171] 
949:[1231, 1193, 1200, 1208, 1217] 
950:[1172, 6067, 6066, 17, 5390, 476, 5391, 1249] 
951:[284, 89] 
952:[734, 3634, 740, 3635, 735, 3636, 736, 5056, 5059, 5058, 4365, 3605] 
953:[1663, 1653, 1694] 
954:[734, 1434] 
955:[1279, 1280, 1281] 
956:[184, 185, 6679, 3670] 
957:[1000, 2901, 5206, 2710, 2728] 
958:[2728, 3499] 
959:[423, 3767, 5521, 3690, 4638, 2645] 
960:[3758, 4254, 3760, 4451] 
961:[1873, 3394, 1807, 5362, 1792, 1808, 697, 5919, 1809, 5923, 5922, 1810, 1811, 1783, 1812, 5925, 1813, 780, 1766, 1756] 
962:[1873, 1799] 
963:[1111, 4670, 4666, 3505, 4667, 2616, 612, 6926, 3704, 437] 
964:[1109, 5535, 988, 5538, 2047, 3802, 3698, 3482, 2052, 4691, 1107, 4422, 1110] 
965:[1109, 6913, 2051, 6970, 3397, 407, 3479] 
966:[1110, 1108, 3806, 169] 
967:[1110, 3236, 2026, 3241, 3242, 3246, 2041, 3026, 4729, 3028, 1967, 1958, 1948, 1922, 6723, 1918, 1947, 3338, 1879, 3340, 3971, 1880] 
968:[2704, 5203, 1000] 
969:[4434, 845, 5517, 71, 4427, 4429, 3681, 4263, 72, 4459, 3761, 4549] 
970:[4434, 836, 4957, 316, 303] 
971:[294, 2377] 
972:[137, 726, 1730] 
973:[436, 3708, 435] 
974:[447, 3878, 6858, 1243] 
975:[447, 3879, 4780, 3885, 448] 
976:[2, 6360, 1253] 
977:[2, 5131, 1236, 269] 
978:[3663, 999] 
979:[411, 410] 
980:[411, 4005, 1177, 208, 209] 
981:[1165, 1225, 5243, 82] 
982:[3192, 3965, 3193] 
983:[1233, 1232, 1231] 
984:[1219, 2684, 1251, 1278, 5786, 5787, 3321, 5221, 1252, 1907] 
985:[409, 46, 3127, 1560, 5074, 5746, 1125] 
986:[409, 408] 
987:[3644, 457] 
988:[273, 274] 
989:[3942, 4453, 3950, 5214, 5216, 1907] 
990:[3485, 163] 
991:[163, 7032, 7033, 3710, 436] 
992:[435, 7042, 434, 7043, 1720] 
993:[1405, 4738, 6924, 1416, 1266, 1258, 1930, 5218, 5223, 1906, 5217, 1252, 5215, 6922, 6994, 5212, 3943, 274] 
994:[1720, 1721] 
995:[1096, 1724] 
996:[1097, 1096, 5454, 5972, 287] 
997:[1591, 3645] 
998:[1587, 1606, 1601, 1599, 1595, 1588, 3645] 
999:[3645, 4653, 3680, 5775, 4064, 5776, 6699, 6697, 1665, 1679, 828, 4142, 4140, 5701, 5702, 829, 1096] 
1000:[1587, 1590, 1658, 88, 1662, 3632, 1663] 
1001:[47, 1465, 1455, 1463] 
1002:[1118, 6370, 6380] 
1003:[1118, 1429, 1430, 1442, 1432, 5635, 1440, 1438] 
1004:[2720, 2202, 2396] 
1005:[3646, 3647] 
1006:[54, 4676, 1718, 3504, 1713, 4675, 4668, 4605, 3700, 4602] 
1007:[201, 7004, 7003, 7005, 3711, 6969, 3706, 611, 437] 
1008:[3650, 191] 
1009:[381, 4618, 4617, 3837, 3813, 4619, 1584] 
1010:[331, 4444] 
1011:[1373, 4183, 1142] 
1012:[213, 214, 1422, 160, 161, 5534, 5278, 162, 3485] 
1013:[3667, 209] 
1014:[1243, 3962, 6859, 1166] 
1015:[1242, 1243] 
1016:[1261, 1240] 
1017:[440, 1677, 5588, 2607, 4946, 6191, 288, 4446, 289, 968, 3400, 290] 
1018:[440, 5590, 4131, 6197, 4136, 4137, 1674] 
1019:[180, 3893, 1103] 
1020:[180, 3587, 3419] 
1021:[459, 6804, 6835, 460, 1075, 1072] 
1022:[339, 6638, 346, 377, 378, 379] 
1023:[339, 3029, 4508, 5166, 2097, 5557, 3032, 5888, 3941, 5586, 340, 3937] 
1024:[2724, 5204, 5202, 5205, 6966, 3671, 6876, 3670] 
1025:[6935, 4406, 187, 2646, 4397, 5175, 2705] 
1026:[2705, 5179, 188, 189, 6875, 3498, 6937, 3586] 
1027:[4549, 3762, 3122, 308] 
1028:[3685, 3765, 4037] 
1029:[1229, 1169] 
1030:[1169, 3873, 1250] 
1031:[1169, 450, 476, 1245, 0, 5319, 6068, 1246] 
1032:[1438, 1436, 1126, 1559, 1116] 
1033:[1438, 3609, 5386, 41] 
1034:[449, 3883, 450, 5398, 5392, 5397, 5393, 451, 5396, 452] 
1035:[1249, 3882, 449] 
1036:[3127, 1561, 3653] 
1037:[1116, 45, 408, 1557, 1558, 1119, 3610, 3618, 3620, 1556, 3617, 1115] 
1038:[1116, 4248, 5694, 5695, 4246, 3127] 
1039:[1117, 3815, 6993, 6065, 439, 1123, 438, 3814, 1529] 
1040:[1231, 3968, 1230] 
1041:[1243, 1227, 11, 1147, 1231] 
1042:[3654, 2395] 
1043:[1192, 3963, 1230] 
1044:[1033, 3603, 1034, 2722, 2997, 2998, 992, 2999, 3089, 3002, 3006, 2715, 4047, 3092, 977, 982, 3071, 3072, 4049, 991, 4048, 2708, 4050, 2716, 2726, 997, 990] 
1045:[3655, 5194, 5192] 
1046:[4283, 331] 
1047:[392, 2394, 2085] 
1048:[1790, 1781, 1780, 1793, 1798, 1796] 
1049:[392, 3938, 5583, 393, 343, 6980, 6979, 6978, 6977, 5552] 
1050:[89, 1727] 
1051:[2683, 6894, 2875, 2878, 6741, 2681, 6883, 6738, 3734, 2892, 6745, 3732, 989, 400, 3553, 3733, 401, 3558, 402, 5567, 403, 404, 3554, 3555, 3556, 3477, 405, 2086, 5570, 7054, 3725, 406] 
1052:[1282, 5211, 6921, 5213, 3944, 276] 
1053:[422, 4470, 2224, 2442, 2264, 4086, 2261, 4082, 4084, 3845, 336, 337, 5164, 5643, 338, 4079, 358, 339] 
1054:[422, 6646, 355] 
1055:[3463, 5739, 5755, 5749, 3656] 
1056:[5732, 5767, 5462, 5728, 5752, 5354, 5733, 5754, 5727, 3799, 3798, 5726, 5459, 5460, 3468, 5742, 5753, 5463, 3656, 5751, 3657] 
1057:[127, 5513, 140] 
1058:[5463, 5750, 5756, 3460] 
1059:[3662, 3911, 6892, 3663] 
1060:[1115, 5244, 206] 
1061:[209, 461] 
1062:[209, 6838, 6843, 458] 
1063:[369, 6946, 390, 2311, 370, 2413, 5773, 2330, 2310, 371, 372, 373, 3035, 374, 2169, 375, 376] 
1064:[1120, 4587, 1190] 
1065:[1162, 1481, 1189, 1468, 1500, 1501, 1448, 47] 
1066:[1725, 1786, 1769, 283, 5896, 1774, 1758, 5003, 4146, 1759, 1762, 89] 
1067:[3681, 3682, 849] 
1068:[847, 3682, 72] 
1069:[3120, 3764, 3685, 3686, 3756, 3688, 3692, 3691, 483] 
1070:[499, 6816, 3694] 
1071:[3725, 3724] 
1072:[2047, 3730] 
1073:[3735, 3736, 6739, 3737, 5772, 6740, 3738, 6356, 3739, 3740, 3918, 3917, 3916, 3915] 
1074:[2860, 2733] 
1075:[3752, 2864] 
1076:[2734, 3753] 
1077:[3688, 3767] 
1078:[483, 2775, 2959, 2958] 
1079:[3758, 423] 
1080:[522, 295] 
1081:[2850, 3778, 3779, 3785, 3780, 6157, 3781, 3782, 3783] 
1082:[580, 567, 561, 568, 569, 559, 570, 571, 572, 573, 3866, 574, 6171, 575, 576] 
1083:[535, 3790, 3791, 3792, 3793, 3794] 
1084:[4434, 3776, 5519, 846, 5623, 2554, 2580, 890, 4431, 889, 4428, 873, 883, 4954, 884, 847, 848, 849] 
1085:[2524, 3825, 3826, 2409] 
1086:[3827, 3830, 3828] 
1087:[2390, 3823, 1135, 4660, 4673, 1113, 4659] 
1088:[3833, 2390] 
1089:[3841, 3842] 
1090:[2386, 76, 5341, 2466, 4573, 4571, 4570, 3849, 3848, 4650, 3850, 3851, 59] 
1091:[3868, 3869, 6170, 3870, 3871] 
1092:[2379, 67, 5335, 3099, 68, 6176, 69, 70, 6175, 4465, 6174, 5622, 4434] 
1093:[2379, 3871, 5337, 2435, 3854, 101, 3859, 2488, 6764, 102, 4934, 654, 3676] 
1094:[4408, 3669, 3671, 186] 
1095:[3668, 3665, 3897, 2764, 2456, 3639, 3640, 6061, 4166, 3643, 2952, 3642, 5993, 5995, 3641, 5994, 5992, 5996, 4165, 5650, 5652, 3506] 
1096:[2683, 3915, 6915, 6895, 3911] 
1097:[3937, 6976, 6975, 6974, 3940] 
1098:[3948, 3949, 3952, 3951, 4453] 
1099:[1202, 1201, 1200] 
1100:[1156, 4837, 1585, 4835, 1586, 5539] 
1101:[1130, 5274, 1131, 5272, 1132, 3829, 3828, 1133, 4831, 4829, 4286, 2524, 1134, 4585, 2390] 
1102:[3974, 87] 
1103:[3978, 5658, 3436] 
1104:[3979, 4220, 1119] 
1105:[3980, 1555] 
1106:[2904, 3981, 3982, 3983, 3984, 5597, 3985, 4003, 5609, 5209, 3986, 5608, 3987, 5607, 3176, 5606, 3988, 5605, 3989, 5604, 3990, 5603, 3991, 5602, 3992, 5601, 3993, 3994, 3995, 3996, 3997, 3998, 3999, 5353, 4000, 5600, 4001, 5599, 4002, 5598, 2905, 4004, 2904] 
1107:[60, 1674, 4477, 1667, 1665] 
1108:[3517, 5086, 5090, 478, 1183, 4008, 4005] 
1109:[4040, 4039, 7087, 2438, 2798, 2808, 2809, 4226, 2805, 2807, 2582] 
1110:[4039, 5523, 5524, 3757, 3766, 3686, 3758] 
1111:[4040, 6997, 5522, 5418, 2579, 4044, 4041] 
1112:[2924, 6819, 6820, 2908, 3174, 3902, 4039] 
1113:[4041, 4046, 5784, 3664, 5770, 5771, 2898, 5193, 3903, 6072, 2907, 6073, 4042, 5198, 3662] 
1114:[4431, 4432, 4060, 897] 
1115:[2492, 1665] 
1116:[4070, 780] 
1117:[98, 111] 
1118:[334, 4115, 4114, 4113, 4112, 5610, 6125, 4111, 4110, 4518, 938, 6117, 4109, 6122, 4108, 4107, 4106, 4105, 4104, 6959, 4103, 6121, 4102, 4101, 6960, 4100] 
1119:[1814, 6396, 6393, 1815, 6390, 4156] 
1120:[4156, 4157] 
1121:[4157, 6388, 131, 4158, 6404, 132, 6405, 4153, 6401, 6463, 6462, 6399, 133, 6386, 134, 135, 4377] 
1122:[139, 128] 
1123:[4377, 136, 711, 712, 4162, 1726, 4163, 713, 1434, 4371, 1433, 5533, 5532, 5528, 5530, 5531, 5529, 7088, 714, 1474, 715, 5982, 716, 4164, 5981, 5980, 717, 5979, 718, 738, 5978, 6576, 6381] 
1124:[4363, 6392, 1737, 1736] 
1125:[2082, 2066] 
1126:[1486, 4180] 
1127:[4195, 4193] 
1128:[4192, 4193, 4194] 
1129:[4188, 4187, 4185, 4219, 4182, 4556, 4217] 
1130:[4184, 4186, 4189, 4188] 
1131:[4196, 4197, 4199, 6805, 4198, 4200, 553, 551] 
1132:[2559, 3687, 3757] 
1133:[5524, 2559, 2611, 2422, 2639, 2497] 
1134:[488, 512, 489] 
1135:[495, 4883, 496] 
1136:[723, 724] 
1137:[695, 5909, 5010, 696] 
1138:[933, 934] 
1139:[2424, 2983] 
1140:[694, 5910, 5012, 1738] 
1141:[42, 6385, 5637, 1431, 5977, 4334, 3607, 3608, 41, 40, 4335, 5792, 5296, 4336, 39, 4337, 1127, 38, 4338, 5636, 37, 4339, 5632, 36, 610, 35, 4340, 4341, 4342, 34, 4343, 5259, 33, 4344, 32, 4345, 4346, 31, 4244, 30, 5313, 29, 4347, 5312, 3580, 5311, 28, 206] 
1142:[1790, 727, 1749] 
1143:[1247, 1] 
1144:[1332, 5261, 5262, 5246, 5248, 1333, 5269, 1334, 454, 5125, 1335] 
1145:[1335, 5122, 5123, 5117, 5402, 1328, 4564] 
1146:[1079, 5106, 5101, 5104, 1069, 6213, 5109, 5116, 5321, 1067, 1176] 
1147:[1727, 1771, 90, 1768, 1790] 
1148:[3605, 737, 5055, 1619, 5064, 5070, 739] 
1149:[702, 5434, 703] 
1150:[297, 3105, 3106, 513, 298, 514, 518, 4448, 4595, 4449] 
1151:[1140, 1564, 6205, 215, 213] 
1152:[153, 4679, 414, 1572, 1563, 1140] 
1153:[2582, 2857, 6996, 2810, 2529, 2806, 3164, 2198] 
1154:[3032, 6637, 2315] 
1155:[356, 3744, 2323, 2324, 2325, 2326, 2327, 2328, 2859] 
1156:[949, 5137, 1163, 2393, 5934, 950, 5933, 961, 951, 5932, 6832, 5931, 952, 5930, 953, 959, 5929, 954, 955] 
1157:[1416, 4744, 1276, 1417, 5285, 1418, 1419, 4217, 1386, 1406] 
1158:[6357, 2618, 2881] 
1159:[2227, 2230, 2234, 2235, 5956, 2236, 2237, 2238, 2239, 5955, 2240, 2241, 2242] 
1160:[4180, 4181] 
1161:[1602, 5013, 1454, 5015, 1458] 
1162:[2984, 465, 5905, 464, 3745, 463, 2989, 462, 2862, 356] 
1163:[1526, 1527, 1528, 6772, 1529] 
1164:[1143, 1151, 5408, 5333, 5102, 5111, 1327, 6058, 5118, 6059, 5110, 5498, 5114, 5113, 1407] 
1165:[1071, 4688, 4689, 4687, 3125] 
1166:[2009, 6247, 2010] 
1167:[2010, 6246, 2014, 6250, 6249, 2011] 
1168:[2152, 2153, 4751, 2155, 2154] 
1169:[2148, 2149, 2150, 2151] 
1170:[1368, 5687, 5686, 1369, 1359] 
1171:[1914, 3276, 6242, 3275] 
1172:[1955, 1965, 1959, 1960, 3267] 
1173:[1926, 1980, 3284, 3283] 
1174:[3279, 1984, 3278, 1985, 1986] 
1175:[3269, 3271, 1962, 1963] 
1176:[1978, 1979] 
1177:[2022, 4714, 4713, 4706, 4715, 2019, 5967, 3261, 3263] 
1178:[2108, 6952, 6682, 3014, 5649, 1105] 
1179:[1372, 4769, 4774, 1375, 4772, 1298] 
1180:[2001, 1997, 1992, 6237, 6236, 6240, 6241, 6239, 6238, 1993] 
1181:[2332, 2365, 2366, 2336, 3208, 2335, 2334, 2357, 2359] 
1182:[4205, 4206] 
1183:[987, 395, 396, 397, 2068, 2060, 5359, 7048, 6105, 398] 
1184:[4208, 4209, 4210] 
1185:[2887, 6265, 2888] 
1186:[4215, 6310, 6303, 5495, 6304, 6305, 4216] 
1187:[4219, 4221, 4218] 
1188:[2946, 2649, 6582, 6583, 2950, 2951, 6365, 2205] 
1189:[409, 410] 
1190:[1219, 3392, 1218, 1217, 1216, 1215] 
1191:[1325, 5399, 453, 1324, 1323, 1322] 
1192:[1196, 1234, 6222, 6225, 1229] 
1193:[1073, 4558, 1184, 4767, 1185] 
1194:[1174, 1275] 
1195:[1210, 1211] 
1196:[1219, 1220] 
1197:[1275, 6951, 1341, 1235] 
1198:[1373, 2499, 1290] 
1199:[1337, 1320, 5692, 5127, 1339, 5128, 1340, 1341] 
1200:[2861, 4021, 5230, 5228, 2987, 2583, 2460, 2986, 2660, 2484, 3429] 
1201:[376, 4225, 3030, 2295, 4509, 4074, 4073, 3031, 2098] 
1202:[897, 4062] 
1203:[4061, 4060] 
1204:[554, 5468, 555] 
1205:[5468, 595, 596] 
1206:[594, 592] 
1207:[4303, 5885, 3568, 253, 3566, 5824, 254, 5815, 256, 257, 5814, 5303, 258, 5813, 259, 3564, 260, 4233, 5822, 5251, 261, 262, 5299, 263, 5802, 3563, 264, 265, 3625, 5801, 5298, 266, 5806, 5807, 267, 4350, 4351, 5808, 158] 
1208:[3575, 6480, 6479, 6478, 6477, 6476, 6481, 6475, 6474, 6473, 6472, 6471, 3579] 
1209:[969, 970] 
1210:[2875, 6747, 2874, 3919, 3920, 3921] 
1211:[4245, 5072, 4246] 
1212:[4247, 5693, 5073, 4248] 
1213:[1549, 4250] 
1214:[2625, 6964, 6963, 6965, 4830, 3827, 3831, 1160, 4834, 5271, 1136, 5273, 1156, 5760, 5076, 4250, 6049, 5328, 5316, 3462] 
1215:[3833, 3836, 2409, 2625] 
1216:[4251, 4255, 4253] 
1217:[4549, 4548, 6151, 3107] 
1218:[4261, 4268, 536, 543, 5345, 5346, 4267, 4271, 539, 4275] 
1219:[3043, 4261] 
1220:[4253, 5761, 3759, 4254] 
1221:[4263, 4461, 4264, 4463, 4462, 4265, 4460, 534] 
1222:[534, 5626, 5627, 4266, 4274, 4276, 535, 294] 
1223:[4266, 4271] 
1224:[4274, 4275] 
1225:[1064, 207, 1115] 
1226:[3573, 5827, 4305, 4306, 4307, 4308, 4309, 5811, 5810, 4310, 5812, 4311] 
1227:[4312, 5846, 4313, 4314, 4315, 4316, 4317, 4318] 
1228:[3573, 5826, 5825, 5841, 3577, 255] 
1229:[3579, 5843, 3574, 4320, 4321, 4322, 3576, 6546] 
1230:[136, 4361, 4358, 4360, 4354, 4362, 4357, 4355, 4356] 
1231:[4363, 4364] 
1232:[4364, 1814] 
1233:[4368, 4370, 4369] 
1234:[4370, 4372, 4371] 
1235:[4374, 4375] 
1236:[4377, 4376] 
1237:[4383, 4384, 4385, 4386, 4695, 4387] 
1238:[3650, 4391, 4392, 4393, 4394] 
1239:[4397, 4398, 4399, 4400, 4401] 
1240:[978, 5176, 5174, 2969, 4401, 3007, 4404, 6936, 2968, 184] 
1241:[1001, 3501, 5190, 3906, 3500] 
1242:[3677, 3678, 4413, 4415] 
1243:[4426, 2353, 236, 2374, 4467, 3078, 3307, 237, 3306, 3077, 238, 2361, 3070] 
1244:[3079, 245, 2927, 2928, 2929, 5648, 6896, 180] 
1245:[4427, 4428, 4429] 
1246:[3499, 3500] 
1247:[333, 4283] 
1248:[333, 291, 292, 3649, 868, 4441, 293, 304, 315, 892, 3777, 3776, 845, 294] 
1249:[290, 6649, 2685, 966, 4124, 4122, 939, 942, 4119, 945, 4117, 2503, 2449, 6643, 2682, 334, 6098, 335, 422] 
1250:[4444, 3400] 
1251:[4444, 4445, 4285, 281, 282, 6198, 2695] 
1252:[968, 4445] 
1253:[4449, 4539, 4251] 
1254:[137, 6387, 6188, 4378, 6400, 4379, 4380, 6402, 4381, 6406, 138, 6407, 4159, 4160, 6389, 139] 
1255:[4451, 4262, 4454, 534] 
1256:[4451, 4452, 3043] 
1257:[2961, 4056, 4055, 3473, 2480] 
1258:[2559, 2438] 
1259:[4454, 4455, 4456, 4457, 4458, 4464, 4459] 
1260:[1224, 1222, 1225, 1226, 1227] 
1261:[1881, 3970, 3339, 1878, 3337, 983, 2163, 6722, 2164, 2148, 3333, 2158, 3255, 3254, 2154, 984, 2134, 2127, 3027, 3025, 3245] 
1262:[3068, 243, 3076, 244, 3079] 
1263:[3068, 3070] 
1264:[2356, 3599, 4390, 2930] 
1265:[4468, 4469] 
1266:[2507, 2688] 
1267:[4471, 4472] 
1268:[4480, 6200, 4481, 6199, 4482, 4483, 4484] 
1269:[4485, 6201, 4486, 4487, 4488, 4489, 4490] 
1270:[4491, 7084, 7082, 4492, 7083, 7081, 4493, 7080, 4494, 7079, 4495, 7077, 7078, 7064, 4496, 7076, 4497] 
1271:[4498, 7075, 7074, 4499, 7073, 7072, 7071, 4500, 7070, 4501, 7069, 7065, 4502, 7068, 4503, 7067, 7066, 4504] 
1272:[1753, 6186, 5444, 1764, 119, 1859, 120, 121, 122, 123, 4068, 124, 125, 4069, 126, 1795] 
1273:[1753, 1754] 
1274:[61, 5439, 4522, 117, 116, 819, 3533, 4932, 817, 317] 
1275:[61, 1752] 
1276:[355, 4091, 6046, 2560, 3432, 4534, 4533, 4542, 2976, 6147, 6136, 855, 474, 4530, 4640, 6141, 4642, 4643, 3763, 58, 3758] 
1277:[4508, 4510, 4509] 
1278:[429, 4106] 
1279:[4522, 5437, 662, 657, 635, 643, 5436, 663, 672, 664, 2383, 2378] 
1280:[3676, 656, 4931, 673, 103, 658, 5437, 5438, 5505, 1752] 
1281:[4526, 4527, 4528, 4637, 4529, 4530] 
1282:[87, 730] 
1283:[4541, 4532, 4533] 
1284:[426, 3432] 
1285:[603, 2652, 4947, 3863, 76] 
1286:[317, 808, 4935, 802, 3853, 3860, 115, 3855, 5338, 4949, 67, 2386] 
1287:[317, 318, 813, 825, 5385, 807, 6827, 822, 4922, 823, 4924, 824, 3535, 319, 320] 
1288:[1694, 2398, 1664, 1704, 284] 
1289:[359, 360, 361, 5893, 362, 363, 364, 365, 366, 4227, 367, 2283, 368, 1122, 6947, 2392] 
1290:[347, 6639, 358, 359] 
1291:[376, 4081, 339] 
1292:[308, 307, 4526, 3755, 6130, 2973] 
1293:[3107, 3516, 3108, 3109, 6131, 3110, 6139, 5619, 5620, 6149, 3111, 3112, 4541, 3113, 3114, 3115, 6099, 929, 6101, 6100, 2545, 2597, 2653, 4636, 2633, 2584] 
1294:[4542, 4543] 
1295:[3113, 425] 
1296:[2973, 6137, 6146, 858, 424, 4532, 425, 426, 910, 4092, 2391, 6641, 335, 5611, 3396, 4471, 4519, 6114, 6124, 2592, 427, 429] 
1297:[658, 6183, 659, 660, 661, 662] 
1298:[4551, 1195] 
1299:[92, 6808, 599, 3093, 93, 3540, 6806, 94, 6807, 3538, 95, 96, 3537, 5782, 608, 4870, 4196, 600, 3531, 872, 4918, 2670, 97, 98, 99, 100, 3532, 603] 
1300:[1406, 1395, 2423, 1394, 1143] 
1301:[1362, 4557, 1363] 
1302:[1362, 3486, 1422] 
1303:[1423, 1403, 1400, 1275] 
1304:[4564, 4201, 4192, 1150] 
1305:[4576, 1385, 1384, 4575, 1390] 
1306:[4579, 4580, 4581] 
1307:[4583, 4584] 
1308:[1134, 6108, 3824, 1135] 
1309:[3821, 5653, 1094] 
1310:[1412, 4561, 1404, 1402, 6680, 5325, 1413] 
1311:[1412, 1212, 1408, 1418] 
1312:[1150, 1336, 1337, 1338] 
1313:[1150, 1151, 5103, 1066, 1152] 
1314:[4589, 1310, 1331, 1329, 1311, 1149, 1235] 
1315:[4590, 4195, 1313, 1329, 1330] 
1316:[4591, 1328, 4590] 
1317:[1392, 1143, 1338, 1423] 
1318:[3129, 6591, 1397, 1306, 1334, 1324, 1172] 
1319:[3129, 1175] 
1320:[1175, 1176] 
1321:[1175, 3128] 
1322:[3128, 5112, 1407, 1314, 1307, 1317, 1335, 5401, 5121, 1325, 5400, 1173] 
1323:[1066, 5107, 5105, 6060, 5108, 5499, 5115, 4592, 3128] 
1324:[4603, 4604, 4610, 4669, 4601, 4649, 1111] 
1325:[4605, 4606, 4609, 4607, 4608] 
1326:[4610, 4611, 4612, 4614, 4613] 
1327:[1111, 6103, 7049, 4657, 1112, 7050, 4655, 415, 7051, 4656, 3510, 3511, 5331, 414, 6856, 4680, 6081, 413, 6083, 4821, 4818, 412, 1187, 1182, 5990, 411] 
1328:[4620, 4621] 
1329:[4623, 4622] 
1330:[4624, 4625] 
1331:[4626, 4627] 
1332:[4629, 4630] 
1333:[4639, 4640] 
1334:[4642, 3122, 3516] 
1335:[4643, 4644] 
1336:[2314, 385, 55] 
1337:[153, 4678, 6853, 154, 6854, 4820, 155, 4819, 4817, 1554, 1084, 5991, 156] 
1338:[4275, 4276] 
1339:[4275, 533] 
1340:[957, 1669, 3822, 1087] 
1341:[3094, 965, 60, 2601, 6196, 4127, 5589, 1677, 1678, 5594, 2698] 
1342:[4100, 4099, 4098, 6961, 4097, 6962, 4096, 4095, 4094, 3405] 
1343:[1699, 4654, 6708, 1650] 
1344:[4699, 4698] 
1345:[3252, 5968, 4709, 5964, 4710, 4711, 4712, 4713] 
1346:[2022, 2028] 
1347:[4730, 6768, 6230, 2471] 
1348:[3027, 4759] 
1349:[3025, 4760] 
1350:[3668, 6877, 4409, 4410, 6014, 6017, 6016, 6018, 6015, 6019, 4408] 
1351:[3466, 1129] 
1352:[4815, 4816] 
1353:[1560, 4280, 4279] 
1354:[255, 3770, 5842, 5258, 5836, 3771, 5837, 3565, 4311, 5838, 5839, 5840, 5257, 4301] 
1355:[255, 4318, 3571, 5845, 5844, 5849, 3579] 
1356:[1684, 1685] 
1357:[4884, 4885] 
1358:[2381, 833] 
1359:[3489, 2479] 
1360:[2479, 3488] 
1361:[461, 1068, 210, 211, 212] 
1362:[1069, 1080, 460, 1070, 6836, 1068] 
1363:[2743, 2720] 
1364:[3500, 3907, 2961] 
1365:[1047, 3189, 3191, 3188] 
1366:[974, 1017, 1020] 
1367:[5192, 3904, 4203, 5892, 5891, 4045, 2922, 2923, 2924] 
1368:[5194, 5195, 5196, 5197, 6071, 5198] 
1369:[5229, 5228] 
1370:[5238, 5237, 5236, 5235, 5229, 5234, 5233, 5232, 5231, 5230] 
1371:[4659, 4665, 1111] 
1372:[5239, 3834, 3844, 3843] 
1373:[4602, 4601, 4613, 4661, 399, 4672, 5239] 
1374:[1157, 3811, 3833] 
1375:[1529, 5287, 4645, 4646] 
1376:[4646, 5290, 6928, 1157] 
1377:[1489, 6931, 6992, 3817, 1120, 1117] 
1378:[5240, 5510, 5441, 61] 
1379:[4236, 5302, 5818, 5817, 4235, 4234, 3575, 5834, 24, 3569, 23, 22, 7089, 5835, 255] 
1380:[5267, 4256] 
1381:[3452, 5293] 
1382:[4234, 5821, 5304, 5819, 5816, 5820, 5305, 5306, 5307, 5308, 5309, 5847, 5848, 5310] 
1383:[1520, 6783, 6787, 1511, 6786, 6789, 1522, 6791, 438] 
1384:[803, 5344, 68] 
1385:[4950, 5344] 
1386:[2866, 5370, 6736, 2536] 
1387:[2624, 6734, 2571] 
1388:[2406, 5371, 5372, 5370] 
1389:[2482, 2544, 6743, 2591] 
1390:[5481, 5487, 6316, 6315, 6312, 5482, 6313, 6314, 6317, 2596] 
1391:[5379, 2460] 
1392:[5393, 5394, 5395] 
1393:[452, 5395, 1173] 
1394:[2399, 5200, 2464] 
1395:[3287, 2407] 
1396:[2510, 2518, 2521] 
1397:[2501, 3739, 2683] 
1398:[5419, 2451] 
1399:[5454, 5429, 5430, 5425, 5426, 5427, 6189, 5428] 
1400:[2673, 5906, 5447, 5448] 
1401:[2411, 5449] 
1402:[5450, 2564] 
1403:[5451, 2484] 
1404:[2731, 3908, 2941, 2743] 
1405:[2403, 5455, 4117] 
1406:[940, 2496] 
1407:[5457, 3425] 
1408:[2278, 364, 373, 5769, 2506, 2213] 
1409:[3440, 6052, 2287] 
1410:[2256, 6821, 6053, 2257] 
1411:[2285, 2561, 2281] 
1412:[861, 871, 6760, 6759, 6758, 2974] 
1413:[3011, 3010, 1016, 4421, 2964, 4420, 2994] 
1414:[2581, 2398] 
1415:[2552, 6251, 6248, 2011] 
1416:[2410, 6232, 6767, 2473] 
1417:[2512, 2654, 5473] 
1418:[2594, 5183, 5474] 
1419:[650, 5476, 6763, 5475, 2543, 2488] 
1420:[3578, 3581, 4323, 3602, 2738, 4319, 3572, 4312, 7090, 3567, 3772, 4304, 4301] 
1421:[2893, 2565] 
1422:[2893, 5483, 6327, 6328, 6331, 6332, 6330, 6329, 6333, 2675] 
1423:[2896, 5484, 6311, 5485, 5486] 
1424:[5487, 5488] 
1425:[2675, 5490, 5489] 
1426:[5491, 5492] 
1427:[2641, 6342, 6345, 5493] 
1428:[5494, 6323, 6324, 6322, 6326, 2894] 
1429:[1236, 1240] 
1430:[5505, 5504, 5503, 5502, 5501] 
1431:[5510, 5509, 5508, 5507, 5506, 5439] 
1432:[2405, 5540, 5366, 1710] 
1433:[2475, 384] 
1434:[391, 1576, 6988, 6987, 4616, 1577, 1578, 3840] 
1435:[2084, 2085, 2101, 5900, 3934, 3452, 381] 
1436:[2499, 5512] 
1437:[5516, 5513] 
1438:[7061, 6573, 6572, 6571, 5514, 6570, 6569, 6568, 6567, 6566, 6565, 5516] 
1439:[3777, 5520, 5519, 5518, 5517] 
1440:[2850, 563, 3784, 564, 565, 566, 580] 
1441:[603, 6162, 6163, 604, 5343, 605, 3861, 606, 607, 2663, 602] 
1442:[4261, 534] 
1443:[314, 5525] 
1444:[2276, 2277, 2278, 2266, 2270, 4178, 2273, 4175, 4176, 4177, 2279, 2280] 
1445:[1520, 6781, 5527, 5731, 4010, 5469] 
1446:[5552, 6982, 5553, 6981, 341] 
1447:[2315, 5558, 5167, 2305, 344, 4077, 2302, 345, 4078, 346, 347, 4080, 348, 5976, 349, 5642, 350, 5165, 351, 352, 3846, 353, 4083, 3428, 354, 2863, 4507, 5451, 2556, 3430, 4093, 355, 2391, 6097, 2584, 2431, 6642, 923, 4116, 4118, 4120, 3401, 332, 4121, 5446, 6684, 4123, 2494, 333] 
1448:[2315, 4515, 2297, 2316] 
1449:[2431, 6644, 2682] 
1450:[2494, 6648, 2685] 
1451:[2556, 4087, 6645, 2442] 
1452:[5652, 5651] 
1453:[5713, 5714, 5715, 5716, 5717, 5718, 5719, 5720, 5721, 5711, 5712, 5722] 
1454:[2705, 4437, 978] 
1455:[1122, 6940, 6942, 1101] 
1456:[5732, 5461, 5729, 6590, 5730, 5731] 
1457:[5733, 5463] 
1458:[4140, 1690] 
1459:[5775, 5774] 
1460:[2353, 2354, 3198, 2345] 
1461:[3934, 5785] 
1462:[5791, 5790] 
1463:[5867, 5868, 5869, 5870, 5871, 5872, 5873, 5874] 
1464:[5875, 5876, 5877, 5878, 5879, 5880, 5881, 5883, 5882] 
1465:[383, 384, 5904, 4624, 5547, 4622, 4620, 385, 386] 
1466:[386, 387, 4627, 388, 6945, 389, 390, 1122] 
1467:[3429, 2532, 2465] 
1468:[3219, 2628, 2664] 
1469:[5889, 5888] 
1470:[5901, 5900] 
1471:[5903, 5902] 
1472:[3656, 5354] 
1473:[2684, 1268] 
1474:[3657, 5732] 
1475:[1479, 1470] 
1476:[4338, 6050] 
1477:[473, 2308] 
1478:[1195, 1202, 1210] 
1479:[1233, 1195] 
1480:[6070, 6069] 
1481:[1905, 1906] 
1482:[1930, 1923] 
1483:[1957, 2550] 
1484:[1990, 1968] 
1485:[3843, 3833] 
1486:[2390, 3844] 
1487:[1088, 6112, 1089] 
1488:[433, 1087] 
1489:[853, 6153, 886] 
1490:[886, 6152, 6154] 
1491:[2898, 4203] 
1492:[1200, 3958] 
1493:[2359, 2360] 
1494:[2397, 4059, 2953, 4850, 2514, 2477, 2540] 
1495:[1520, 6782, 1521, 1517] 
1496:[2645, 4287] 
1497:[2436, 3689, 4252, 4253] 
1498:[2974, 866, 867, 862] 
1499:[6375, 6377] 
1500:[6378, 6375] 
1501:[6374, 6379] 
1502:[6376, 6374] 
1503:[6380, 6378] 
1504:[6379, 6380] 
1505:[42, 6384, 6371, 6379, 6378, 6372, 6382, 6383, 6381] 
1506:[6377, 6579, 6411, 6435, 6444, 6457, 6442, 6409] 
1507:[6409, 6450, 6440, 6448, 6432, 6446, 6454, 6410] 
1508:[6410, 6438, 6429, 6436, 6452, 6459, 6428] 
1509:[6411, 6417, 6414, 6420, 6418, 6422, 6421, 6415, 6412, 6413, 6423, 6416, 6419, 6916, 6408] 
1510:[6427, 6431, 6430, 6449, 6424, 6425, 6426, 6437, 6441, 6443, 6453, 6458, 6456, 6445, 6447, 6455, 6439, 6461, 6460, 6434, 6433, 6451, 6580, 6376] 
1511:[6520, 6512, 6486, 6485, 6483, 6532, 6544, 6494, 6542, 6558, 6489, 6554, 6502, 6466, 6465, 6529, 6464, 6398, 6462] 
1512:[6546, 6560, 6508, 6557, 6555, 6467, 6526, 6488, 6427, 6536, 6499, 6551, 6513, 6521, 6561, 6514, 6507, 6516, 6920, 6492, 6517, 6501, 6539, 6919, 6918, 7059, 7060, 6548, 6550, 6408, 6498, 6496, 6543, 6523, 6504, 6528, 6497, 6538, 6527, 6510, 6520] 
1513:[6562, 6530, 6522, 6505, 6552, 6490, 6534, 6549, 6518, 6559, 6495, 6540, 6524, 6509, 6545, 6917, 6482, 6487, 6533, 6547, 6515, 6531, 6500, 6484, 6553, 6535, 6506, 6519, 6491, 6503, 6541, 6511, 6428, 6525, 6556, 6493, 6537, 3578] 
1514:[6381, 3769, 6574] 
1515:[6574, 5793, 6369, 719, 6373, 6575] 
1516:[6575, 42] 
1517:[4376, 4161, 137] 
1518:[5315, 6590] 
1519:[6614, 6613, 6618, 6612, 6611, 6610, 6609, 6608, 6620, 5415] 
1520:[5415, 6607, 6606, 6605, 6604, 6619, 6617, 6616, 6615, 6614] 
1521:[2401, 6629, 6628, 6627, 6626, 6635, 6625, 6624, 6623] 
1522:[6623, 6622, 6621, 6634, 6633, 6632, 6631, 6630, 2401] 
1523:[6636, 1313] 
1524:[1210, 1219] 
1525:[6651, 2668] 
1526:[3515, 6658, 6661, 6657, 6659, 6656, 6655, 6654, 6671] 
1527:[6671, 6670, 6667, 6669] 
1528:[887, 6676, 6674, 6675, 6673, 2513, 6672, 6671] 
1529:[6669, 6666, 6668, 6664, 6665, 6662, 6663, 6660, 3515] 
1530:[4296, 5863, 4299, 4295, 246, 4294, 247, 5862, 5861, 5860, 5859, 5853, 5480, 5855, 5854, 5856, 5858, 5857, 5875, 4230, 248, 5874, 249, 5852, 5833, 250, 5851, 251, 6581, 5832, 5831, 5829, 5830, 252, 4302, 4303] 
1531:[274, 275] 
1532:[5723, 4733, 4736, 1405] 
1533:[1915, 1405] 
1534:[1720, 2539, 4580, 2004, 5723] 
1535:[1103, 3116] 
1536:[3586, 3589, 2967, 1103] 
1537:[3080, 180] 
1538:[3116, 3894, 3080] 
1539:[2392, 1120] 
1540:[2392, 3818, 1101, 6944, 2288, 3441, 2229, 5660, 5661, 48, 49] 
1541:[369, 2392] 
1542:[273, 3942] 
1543:[3954, 1874] 
1544:[275, 3945] 
1545:[3946, 1281] 
1546:[290, 333] 
1547:[2541, 3068] 
1548:[2541, 5225] 
1549:[2643, 2541] 
1550:[2643, 2358, 2363, 2370, 3305, 3081, 2364, 2331, 2613, 2347, 5168, 2339] 
1551:[3070, 2643] 
1552:[4037, 3119, 4034, 6998, 4040] 
1553:[58, 3685] 
1554:[4549, 58] 
1555:[4254, 4549] 
1556:[1400, 1197, 4563, 1401, 5324, 1402] 
1557:[1880, 3969, 272, 3319, 1900, 1883, 1882, 4466, 3953, 3948, 273] 
1558:[1113, 6107, 1114, 4658, 149, 1540, 150, 151, 3513, 152, 5332, 153] 
1559:[213, 1141, 1376, 6204, 1071, 1073, 1373] 
1560:[1297, 1298, 4773, 1299, 1300, 4775, 1301, 1142] 
1561:[1142, 1392] 
1562:[379, 356] 
1563:[855, 3124, 6128, 3753, 2864] 
1564:[2348, 6844, 2371, 3206, 2372, 3311, 2352] 
1565:[2402, 2637] 
1566:[3670, 3668] 
1567:[3670, 2704] 
1568:[1085, 392] 
1569:[2084, 2394, 1085] 
1570:[3456, 3457] 
1571:[3458, 3456] 
1572:[6688, 6689] 
1573:[3612, 3611, 4243, 3610] 
1574:[3617, 4240, 3623, 3616, 3615] 
1575:[1688, 6704, 1693, 1689, 6696, 1690] 
1576:[3069, 5680, 3067, 5679, 3065] 
1577:[321, 818] 
1578:[3272, 2014] 
1579:[2471, 4731, 2007] 
1580:[3336, 6231, 2410] 
1581:[6767, 6766] 
1582:[6770, 6769, 6768] 
1583:[623, 611, 3703, 54] 
1584:[436, 623, 3709, 164, 3712, 7035, 5580, 7034, 222] 
1585:[857, 3648] 
1586:[987, 6911, 7052, 1109] 
1587:[394, 987] 
1588:[3707, 623] 
1589:[3440, 6823] 
1590:[4125, 2620] 
1591:[6833, 6834] 
1592:[2550, 1990] 
1593:[222, 3713, 3716, 165, 5577, 2016, 166] 
1594:[166, 6882, 4697, 1705] 
1595:[6890, 6891] 
1596:[1099, 1707, 199, 5578, 6874, 3720, 2023, 6878, 3719, 7008, 7007, 200, 6873, 5576, 7006, 201] 
1597:[6903, 6904, 6905, 6906, 4382, 6907, 6908, 6909] 
1598:[6912, 5536, 7053, 5569, 406] 
1599:[2338, 5158, 5161, 229, 5156, 2376, 2188, 230, 3315, 231, 2183, 232, 2340, 2333, 3313, 3312, 2178, 2337, 2369, 2362, 5497, 6901, 3212, 233, 2367, 2351, 6898, 5152, 3210] 
1600:[6942, 6941, 6943, 6944] 
1601:[51, 1723] 
1602:[3978, 6959] 
1603:[6933, 432, 5942, 433] 
1604:[341, 6973, 342] 
1605:[341, 3940] 
1606:[3940, 3939, 5559] 
1607:[5559, 5581, 5585, 3936, 3935, 3934] 
1608:[3937, 6971, 6972, 341] 
1609:[418, 5952, 3436, 6096, 6095, 419, 420, 421, 6123, 4629, 6115, 6934] 
1610:[1316, 4565] 
1611:[4567, 1315] 
1612:[1314, 4554] 
1613:[4593, 1317] 
1614:[4641, 3121] 
1615:[3754, 2734] 
1616:[7061, 7062, 4155, 7063, 6562] 
1617:[6520, 6563, 4154, 5515, 7061] 
1618:[186, 2425, 4405, 6935] 
1619:[3462, 3466, 1161, 1124] 
1620:[140, 141] 